Iteration, Path length, Time, Planning, Flying
1, 0.111055, 0.985, 0.42, 0.559
2, 0.527746, 1.985, 0.781, 1.199
3, 0.536151, 2.985, 1.782, 1.199
4, 0.566026, 3.985, 2.681, 1.298
5, 0.605471, 4.984, 3.423, 1.557
6, 1.25963, 5.985, 3.423, 2.556
7, 2.85597, 6.984, 3.442, 3.537
8, 4.21867, 7.984, 3.442, 4.537
9, 4.51022, 8.984, 3.862, 5.118
10, 5.28292, 9.984, 3.862, 6.118
11, 6.7665, 10.985, 3.862, 7.117
12, 7.70988, 11.984, 3.862, 8.117
13, 8.09211, 12.985, 3.862, 9.117
14, 8.84434, 13.985, 3.862, 10.117
15, 9.73168, 14.985, 3.881, 11.1
16, 10.3305, 15.984, 3.881, 12.098
17, 11.4365, 16.984, 3.881, 13.098
18, 12.0544, 17.984, 3.881, 14.098
19, 12.9201, 18.984, 3.881, 15.099
20, 13.4657, 19.984, 3.921, 16.058
21, 14.0002, 20.984, 3.921, 17.06
22, 14.2493, 21.984, 3.942, 18.037
23, 14.9944, 22.985, 3.942, 19.037
24, 16.3404, 23.984, 3.983, 19.996
25, 16.9997, 24.984, 3.983, 20.997
26, 17.7079, 25.984, 3.983, 21.997
27, 18.9316, 26.984, 3.983, 22.996
28, 19.6826, 27.985, 4.026, 23.953
29, 20.6956, 28.985, 4.026, 24.954
30, 21.2557, 29.984, 4.026, 25.953
31, 22.1807, 30.984, 4.026, 26.953
32, 22.8484, 31.984, 4.026, 27.954
33, 24.1852, 32.984, 4.026, 28.956
34, 25.0285, 33.984, 4.026, 29.953
35, 25.8207, 34.984, 4.026, 30.955
36, 27.1292, 35.984, 4.026, 31.953
37, 28.0154, 36.985, 4.128, 32.852
38, 28.028, 37.985, 5.128, 32.852
39, 28.0724, 38.985, 5.867, 33.114
40, 28.9023, 39.985, 5.885, 34.095
41, 29.1091, 40.984, 6.747, 34.233
42, 29.123, 41.985, 7.727, 34.252
43, 29.6277, 42.984, 7.727, 35.253
44, 30.1704, 43.985, 8.287, 35.693
45, 30.1919, 44.984, 9.286, 35.693
46, 30.4925, 45.984, 9.566, 36.413
47, 31.1812, 46.984, 9.963, 37.016
48, 31.1952, 47.984, 10.965, 37.016
49, 31.4352, 48.984, 11.327, 37.652
50, 32.3324, 49.984, 11.327, 38.652
51, 32.9547, 50.984, 11.549, 39.432
52, 33.174, 51.985, 11.886, 40.093
53, 33.8458, 52.984, 11.886, 41.095
54, 34.2837, 53.984, 11.906, 42.074
55, 35.1609, 54.984, 11.906, 43.074
56, 35.6155, 55.984, 11.906, 44.074
57, 36.7431, 56.984, 11.906, 45.073
58, 37.3999, 57.984, 11.906, 46.073
59, 38.0515, 58.984, 11.926, 47.054
60, 38.7193, 59.985, 11.926, 48.055
61, 39.8049, 60.985, 11.926, 49.055
62, 40.6323, 61.985, 11.947, 50.034
63, 41.0126, 62.985, 11.965, 51.015
64, 41.6271, 63.984, 11.983, 51.996
65, 42.6237, 64.984, 11.983, 52.996
66, 43.4808, 65.984, 11.983, 53.996
67, 43.9175, 66.985, 11.983, 54.998
68, 44.6865, 67.985, 12.028, 55.951
69, 45.1352, 68.984, 12.028, 56.951
70, 46.3855, 69.985, 12.028, 57.951
71, 46.7089, 70.985, 12.588, 58.393
72, 46.7429, 71.984, 13.524, 58.455
73, 47.6074, 72.985, 13.524, 59.455
74, 48.8454, 73.984, 13.524, 60.456
75, 49.771, 74.984, 13.524, 61.456
76, 50.711, 75.984, 13.524, 62.456
77, 51.4753, 76.984, 13.524, 63.455
78, 52.25, 77.984, 13.566, 64.416
79, 52.8109, 78.984, 13.586, 65.393
80, 54.0069, 79.984, 13.586, 66.394
81, 54.7258, 80.984, 13.586, 67.393
82, 55.3146, 81.985, 13.586, 68.393
83, 56.0591, 82.984, 13.586, 69.393
84, 56.4853, 83.984, 13.647, 70.332
85, 57.0608, 84.985, 13.666, 71.314
86, 57.6789, 85.984, 13.666, 72.315
87, 58.1274, 86.985, 13.666, 73.313
88, 58.5738, 87.984, 13.684, 74.295
89, 59.2651, 88.985, 13.684, 75.296
90, 60.1441, 89.984, 13.684, 76.296
91, 61.0843, 90.985, 13.684, 77.295
92, 61.9215, 91.984, 13.684, 78.296
93, 62.4881, 92.985, 13.684, 79.295
94, 63.4461, 93.984, 13.684, 80.295
95, 63.7175, 94.984, 14.249, 80.73
96, 64.2154, 95.984, 14.267, 81.713
97, 64.4814, 96.984, 14.366, 82.614
98, 65.6002, 97.984, 14.405, 83.577
99, 66.4502, 98.984, 14.505, 84.474
100, 66.6906, 99.984, 14.784, 85.195
101, 67.8485, 100.984, 14.784, 86.196
102, 68.699, 101.984, 14.784, 87.197
103, 69.8248, 102.984, 14.784, 88.196
104, 70.5745, 103.984, 14.784, 89.196
105, 71.4901, 104.984, 14.885, 90.094
106, 71.6147, 105.985, 15.361, 90.619
107, 72.6099, 106.984, 15.361, 91.623
108, 72.6192, 107.984, 16.342, 91.64
109, 72.6397, 108.985, 17.181, 91.799
110, 73.2929, 109.984, 17.181, 92.8
111, 74.7154, 110.984, 17.2, 93.78
112, 75.526, 111.984, 17.2, 94.784
113, 76.3276, 112.985, 17.2, 95.782
114, 77.7113, 113.984, 17.2, 96.78
115, 78.7348, 114.984, 17.221, 97.76
116, 78.7716, 115.984, 18.009, 97.971
117, 78.8072, 116.984, 18.796, 98.185
118, 79.184, 117.984, 18.879, 99.101
119, 79.8767, 118.985, 19.339, 99.641
120, 79.8835, 119.984, 20.341, 99.641
121, 80.2405, 120.984, 20.679, 100.3
122, 81.311, 121.985, 20.698, 101.281
123, 81.8339, 122.984, 20.718, 102.263
124, 82.4901, 123.985, 20.737, 103.244
125, 82.8411, 124.984, 20.838, 104.141
126, 83.5149, 125.984, 20.838, 105.142
127, 83.6407, 126.984, 20.976, 106.003
128, 83.799, 127.984, 21.182, 106.797
129, 83.9238, 128.984, 21.402, 107.577
130, 84.5993, 129.985, 21.437, 108.543
131, 84.8411, 130.984, 21.999, 108.982
132, 85.0171, 131.984, 22.358, 109.624
133, 86.29, 132.984, 22.358, 110.621
134, 86.9645, 133.985, 22.358, 111.621
135, 87.6678, 134.984, 22.377, 112.603
136, 88.0964, 135.984, 22.854, 113.125
137, 88.1038, 136.984, 23.854, 113.125
138, 88.318, 137.984, 24.276, 113.705
139, 89.4174, 138.984, 24.297, 114.684
140, 90.1343, 139.984, 24.297, 115.682
141, 90.9785, 140.984, 24.342, 116.638
142, 92.2843, 141.986, 24.401, 117.578
143, 93.4067, 142.984, 24.401, 118.578
144, 93.5214, 143.984, 25.078, 118.901
145, 93.7267, 144.984, 25.322, 119.662
146, 94.9257, 145.984, 25.362, 120.618
147, 95.8426, 146.985, 25.362, 121.619
148, 96.4898, 147.984, 25.382, 122.597
149, 97.4207, 148.984, 25.382, 123.597
150, 98.3038, 149.985, 25.401, 124.579
151, 98.4059, 150.984, 26.301, 124.679
152, 98.4191, 151.984, 27.302, 124.679
153, 98.9292, 152.985, 27.323, 125.657
154, 99.2889, 153.984, 28.042, 125.937
155, 99.2933, 154.985, 29.043, 125.937
156, 100.009, 155.984, 29.043, 126.94
157, 100.76, 156.984, 29.064, 127.916
158, 100.864, 157.985, 29.601, 128.38
159, 100.918, 158.984, 30.378, 128.604
160, 101.74, 159.985, 30.378, 129.603
161, 102.828, 160.984, 30.378, 130.603
162, 103.402, 161.984, 30.597, 131.382
163, 103.423, 162.984, 31.599, 131.382
164, 103.499, 163.984, 32.238, 131.741
165, 104.373, 164.985, 32.238, 132.743
166, 104.384, 165.985, 33.237, 132.743
167, 104.405, 166.985, 34.095, 132.885
168, 105.048, 167.985, 34.119, 133.861
169, 105.446, 168.984, 34.819, 134.161
170, 105.452, 169.985, 35.82, 134.161
171, 105.82, 170.985, 35.917, 135.066
172, 106.5, 171.984, 36.339, 135.644
173, 106.507, 172.984, 37.335, 135.644
174, 106.727, 173.985, 37.796, 136.185
175, 107.55, 174.985, 38.134, 136.845
176, 107.564, 175.985, 39.136, 136.845
177, 107.763, 176.984, 39.595, 137.384
178, 108.603, 177.984, 39.853, 138.126
179, 108.615, 178.984, 40.853, 138.126
180, 108.748, 179.984, 41.415, 138.564
181, 110.048, 180.984, 41.415, 139.567
182, 110.745, 181.984, 41.415, 140.565
183, 111.553, 182.984, 41.415, 141.567
184, 112.202, 183.984, 41.433, 142.547
185, 112.847, 184.984, 41.433, 143.548
186, 114.424, 185.985, 41.474, 144.507
187, 115.058, 186.985, 41.474, 145.507
188, 115.679, 187.985, 41.474, 146.506
189, 115.87, 188.985, 41.934, 147.045
190, 115.889, 189.985, 42.935, 147.045
191, 116.409, 190.985, 43.037, 147.944
192, 116.964, 191.984, 43.578, 148.403
193, 116.973, 192.984, 44.576, 148.403
194, 117.041, 193.984, 45.154, 148.827
195, 117.446, 194.984, 45.172, 149.808
196, 118.014, 195.984, 45.236, 150.745
197, 118.213, 196.984, 45.836, 151.144
198, 118.499, 197.984, 46.097, 151.885
199, 119.15, 198.984, 46.416, 152.563
200, 119.16, 199.985, 47.417, 152.563
201, 119.2, 200.985, 48.175, 152.804
202, 119.676, 201.985, 48.175, 153.804
203, 120.18, 202.985, 48.455, 154.526
204, 120.213, 203.984, 49.249, 154.731
205, 120.253, 204.984, 49.95, 155.029
206, 120.75, 205.984, 50.036, 155.943
207, 122.011, 206.984, 50.058, 156.923
208, 122.577, 207.984, 50.058, 157.924
209, 123.534, 208.984, 50.058, 158.923
210, 124.077, 209.985, 50.299, 159.684
211, 124.107, 210.984, 51.198, 159.783
212, 124.14, 211.985, 51.981, 159.999
213, 124.164, 212.985, 52.901, 160.079
214, 124.409, 213.985, 53.076, 160.903
215, 125.241, 214.984, 53.356, 161.624
216, 125.254, 215.984, 54.36, 161.624
217, 125.367, 216.985, 54.933, 162.049
218, 126.373, 217.984, 54.954, 163.025
219, 126.402, 218.984, 55.934, 163.046
220, 126.43, 219.984, 56.853, 163.126
221, 126.445, 220.984, 57.832, 163.148
222, 126.819, 221.984, 57.896, 164.083
223, 127.814, 222.984, 57.896, 165.085
224, 128.333, 223.985, 57.992, 165.988
225, 128.35, 224.985, 58.991, 165.988
226, 128.375, 225.986, 59.846, 166.134
227, 128.453, 226.985, 60.592, 166.387
228, 128.5, 227.984, 61.355, 166.625
229, 129.08, 228.984, 61.415, 167.565
230, 129.526, 229.984, 62.112, 167.867
231, 129.538, 230.984, 63.116, 167.867
232, 129.948, 231.984, 63.258, 168.722
233, 131, 232.986, 63.278, 169.702
234, 131.375, 233.984, 63.337, 170.642
235, 132.511, 234.984, 63.337, 171.644
236, 133.175, 235.985, 63.337, 172.642
237, 134.34, 236.984, 63.337, 173.643
238, 135.144, 237.984, 63.355, 174.626
239, 135.64, 238.984, 63.897, 175.085
240, 135.645, 239.984, 64.897, 175.085
241, 135.816, 240.984, 65.294, 175.686
242, 136.567, 241.985, 65.514, 176.467
243, 136.575, 242.984, 66.513, 176.467
244, 136.591, 243.984, 67.437, 176.542
245, 136.624, 244.985, 68.296, 176.685
246, 137.207, 245.985, 68.296, 177.685
247, 137.661, 246.985, 68.916, 178.063
248, 137.667, 247.984, 69.916, 178.063
249, 137.768, 248.985, 70.354, 178.627
250, 138.352, 249.984, 70.354, 179.626
251, 138.683, 250.984, 70.733, 180.248
252, 138.711, 251.986, 71.635, 180.344
253, 138.925, 252.984, 71.98, 180.999
254, 139.702, 253.985, 72, 181.98
255, 140.711, 254.984, 72, 182.98
256, 141.337, 255.985, 72, 183.981
257, 142.648, 256.985, 72, 184.98
258, 143.964, 257.984, 72, 185.98
259, 144.699, 258.984, 72, 186.98
260, 145.448, 259.984, 72, 187.982
261, 146.223, 260.984, 72, 188.979
262, 146.991, 261.984, 72, 189.979
263, 147.445, 262.984, 72, 190.982
264, 148.177, 263.984, 72.023, 191.957
265, 148.216, 264.985, 72.888, 192.093
266, 148.278, 265.985, 73.703, 192.276
267, 148.386, 266.984, 74.146, 192.833
268, 149.318, 267.985, 74.183, 193.797
269, 150.178, 268.985, 74.361, 194.618
270, 150.194, 269.984, 75.361, 194.618
271, 150.232, 270.985, 76.102, 194.877
272, 150.774, 271.985, 76.102, 195.877
273, 151.53, 272.984, 76.102, 196.879
274, 152.264, 273.984, 76.102, 197.88
275, 153.279, 274.984, 76.102, 198.878
276, 154.026, 275.985, 76.122, 199.858
277, 154.682, 276.984, 76.143, 200.837
278, 155.164, 277.984, 76.184, 201.796
279, 155.493, 278.985, 76.423, 202.556
280, 155.518, 279.984, 77.328, 202.653
281, 155.519, 280.986, 78.328, 202.653
282, 155.561, 281.984, 79.066, 202.913
283, 156.075, 282.984, 79.086, 203.894
284, 157.052, 283.985, 79.086, 204.894
285, 157.766, 284.984, 79.104, 205.876
286, 158.597, 285.986, 79.104, 206.878
287, 158.967, 286.984, 79.228, 207.752
288, 159.697, 287.984, 79.228, 208.752
289, 160.073, 288.985, 79.247, 209.732
290, 161.315, 289.985, 79.267, 210.713
291, 162.266, 290.984, 79.287, 211.695
292, 163.075, 291.984, 79.287, 212.692
293, 164.032, 292.984, 79.287, 213.693
294, 164.867, 293.985, 79.287, 214.695
295, 165.189, 294.984, 79.448, 215.532
296, 165.192, 295.984, 80.447, 215.532
297, 165.552, 296.987, 80.728, 216.253
298, 165.948, 297.984, 80.728, 217.254
299, 166.215, 298.984, 81.331, 217.651
300, 166.233, 299.984, 82.284, 217.696
301, 166.954, 300.984, 82.306, 218.677
302, 167.87, 301.984, 82.306, 219.674
303, 168.471, 302.984, 82.306, 220.673
304, 168.683, 303.985, 82.327, 221.654
305, 169.558, 304.984, 82.547, 222.433
306, 169.566, 305.985, 83.546, 222.433
307, 169.765, 306.984, 84.086, 222.894
308, 170.595, 307.985, 84.325, 223.654
309, 170.604, 308.984, 85.325, 223.654
310, 170.733, 309.985, 85.909, 224.074
311, 171.649, 310.984, 86.167, 224.814
312, 171.662, 311.984, 87.169, 224.814
313, 171.793, 312.984, 87.746, 225.236
314, 172.829, 313.984, 87.767, 226.213
315, 173.386, 314.984, 87.79, 227.192
316, 174.529, 315.984, 87.79, 228.189
317, 174.591, 316.984, 88.527, 228.452
318, 174.631, 317.984, 89.208, 228.773
319, 174.973, 318.984, 89.228, 229.752
320, 175.706, 319.985, 89.246, 230.735
321, 175.758, 320.984, 90.166, 230.814
322, 175.777, 321.985, 91.167, 230.814
323, 176.347, 322.984, 91.167, 231.815
324, 177.518, 323.984, 91.167, 232.812
325, 177.738, 324.985, 91.948, 233.033
326, 177.753, 325.984, 92.929, 233.053
327, 178.299, 326.984, 92.986, 233.994
328, 178.868, 327.984, 92.986, 234.996
329, 178.947, 328.984, 93.209, 235.77
330, 179.626, 329.985, 93.209, 236.77
331, 179.987, 330.985, 93.967, 237.013
332, 179.998, 331.984, 94.967, 237.013
333, 180.039, 332.984, 95.744, 237.237
334, 180.212, 333.985, 96.199, 237.782
335, 181.506, 334.985, 96.199, 238.781
336, 182.057, 335.984, 96.222, 239.759
337, 183.377, 336.984, 96.222, 240.759
338, 184.456, 337.984, 96.222, 241.758
339, 185.036, 338.984, 96.222, 242.757
340, 185.837, 339.985, 96.242, 243.739
341, 186.546, 340.985, 96.584, 244.397
342, 186.557, 341.985, 97.585, 244.397
343, 186.575, 342.984, 98.521, 244.459
344, 186.672, 343.984, 98.946, 245.033
345, 187.183, 344.985, 98.963, 246.016
346, 187.701, 345.985, 99.004, 246.978
347, 188.22, 346.984, 99.026, 247.956
348, 188.684, 347.984, 99.27, 248.713
349, 188.734, 348.985, 100.042, 248.938
350, 188.747, 349.985, 101.021, 248.959
351, 188.93, 350.985, 101.321, 249.658
352, 190.08, 351.985, 101.321, 250.662
353, 190.857, 352.984, 101.321, 251.663
354, 191.925, 353.984, 101.36, 252.619
355, 192.765, 354.984, 101.387, 253.593
356, 193.592, 355.984, 101.387, 254.595
357, 193.68, 356.984, 102.124, 254.855
358, 193.719, 357.984, 102.868, 255.112
359, 194.556, 358.984, 102.868, 256.112
360, 194.76, 359.985, 103.728, 256.251
361, 194.777, 360.984, 104.667, 256.313
362, 194.794, 361.984, 105.669, 256.313
363, 194.977, 362.984, 105.968, 257.012
364, 195.717, 363.984, 105.968, 258.013
365, 195.899, 364.985, 106.625, 258.354
366, 196.073, 365.984, 106.867, 259.113
367, 196.877, 366.984, 106.867, 260.113
368, 196.949, 367.984, 107.702, 260.279
369, 196.95, 368.984, 108.701, 260.279
370, 196.976, 369.984, 109.609, 260.371
371, 197.019, 370.984, 110.368, 260.611
372, 197.729, 371.984, 110.368, 261.612
373, 198.452, 372.984, 110.526, 262.454
374, 198.481, 373.984, 111.349, 262.63
375, 198.507, 374.988, 112.253, 262.728
376, 198.688, 375.984, 112.631, 263.35
377, 199.568, 376.984, 112.853, 264.128
378, 199.569, 377.985, 113.851, 264.128
379, 199.586, 378.986, 114.694, 264.285
380, 199.614, 379.984, 115.474, 264.505
381, 200.117, 380.985, 115.474, 265.506
382, 200.77, 381.984, 115.914, 266.066
383, 200.777, 382.984, 116.914, 266.066
384, 200.845, 383.985, 117.496, 266.485
385, 201.442, 384.985, 117.516, 267.465
386, 201.791, 385.984, 117.957, 268.024
387, 201.823, 386.985, 118.733, 268.248
388, 202.035, 387.984, 119.011, 268.968
389, 202.853, 388.984, 119.254, 269.728
390, 202.864, 389.984, 120.251, 269.728
391, 202.881, 390.984, 121.178, 269.803
392, 202.906, 391.984, 122.06, 269.92
393, 203.427, 392.984, 122.118, 270.864
394, 203.927, 393.984, 122.777, 271.202
395, 203.934, 394.985, 123.778, 271.202
396, 204.413, 395.984, 123.9, 272.079
397, 205.286, 396.984, 123.92, 273.059
398, 206.21, 397.985, 123.957, 274.024
399, 207.105, 398.984, 123.957, 275.025
400, 207.675, 399.985, 123.977, 276.002
401, 208.453, 400.985, 124.156, 276.824
402, 208.48, 401.984, 125.01, 276.97
403, 208.512, 402.986, 125.828, 277.151
404, 208.539, 403.984, 126.765, 277.214
405, 208.677, 404.984, 127.166, 277.813
406, 209.616, 405.984, 127.265, 278.716
407, 209.627, 406.984, 128.263, 278.716
408, 209.644, 407.984, 129.144, 278.838
409, 209.657, 408.984, 130.142, 278.838
410, 209.702, 409.984, 130.946, 279.035
411, 209.797, 410.984, 131.524, 279.455
412, 210.856, 411.984, 131.543, 280.437
413, 211.318, 412.984, 131.585, 281.394
414, 211.386, 413.984, 131.99, 281.99
415, 211.418, 414.984, 132.79, 282.191
416, 211.447, 415.985, 133.607, 282.373
417, 211.476, 416.984, 134.478, 282.501
418, 211.481, 417.984, 135.442, 282.539
419, 211.481, 418.985, 136.442, 282.539
420, 211.481, 419.984, 137.441, 282.539
421, 211.481, 420.985, 138.441, 282.539
422, 211.481, 421.984, 139.44, 282.539
423, 211.481, 422.984, 140.442, 282.539
424, 211.481, 423.985, 141.441, 282.539
425, 217.309, 424.984, 141.682, 283.298
426, 217.727, 425.984, 141.966, 284.014
427, 217.757, 426.984, 142.85, 284.13
428, 217.801, 427.984, 143.503, 284.476
429, 218.412, 428.985, 143.503, 285.477
430, 219.641, 429.985, 143.522, 286.457
431, 219.717, 430.985, 144.461, 286.518
432, 219.734, 431.984, 145.359, 286.62
433, 219.746, 432.984, 146.36, 286.62
434, 220.027, 433.985, 146.522, 287.461
435, 220.809, 434.984, 146.801, 288.18
436, 220.817, 435.984, 147.8, 288.18
437, 220.922, 436.985, 148.382, 288.598
438, 221.942, 437.985, 148.401, 289.578
439, 222.953, 438.984, 148.401, 290.579
440, 223.818, 439.984, 148.401, 291.579
441, 224.99, 440.984, 148.418, 292.562
442, 225.717, 441.985, 148.551, 293.43
443, 225.75, 442.984, 149.391, 293.588
444, 225.769, 443.984, 150.392, 293.588
445, 226.052, 444.985, 150.489, 294.492
446, 227.267, 445.984, 150.489, 295.491
447, 228.729, 446.984, 150.489, 296.491
448, 229.866, 447.984, 150.526, 297.455
449, 230.869, 448.984, 150.567, 298.412
450, 232.219, 449.984, 150.567, 299.414
451, 233.618, 450.984, 150.587, 300.392
452, 234.157, 451.984, 150.587, 301.392
453, 234.999, 452.985, 150.587, 302.393
454, 235.638, 453.985, 150.587, 303.393
455, 236.187, 454.984, 151.205, 303.775
456, 236.21, 455.984, 152.206, 303.775
457, 236.619, 456.985, 152.447, 304.534
458, 237.846, 457.984, 152.463, 305.518
459, 238.597, 458.984, 152.463, 306.517
460, 238.861, 459.984, 152.463, 307.517
461, 239.204, 460.984, 152.585, 308.397
462, 239.891, 461.984, 153.064, 308.915
463, 239.903, 462.984, 154.065, 308.915
464, 240.195, 463.984, 154.402, 309.579
465, 240.9, 464.984, 154.842, 310.138
466, 240.914, 465.985, 155.842, 310.138
467, 241.059, 466.984, 156.183, 310.799
468, 241.144, 467.984, 156.699, 311.283
469, 241.171, 468.984, 157.597, 311.385
470, 241.2, 469.985, 158.48, 311.501
471, 241.27, 470.985, 158.968, 312.015
472, 241.84, 471.985, 158.968, 313.013
473, 242.393, 472.984, 158.968, 314.012
474, 242.685, 473.984, 159.331, 314.65
475, 242.717, 474.984, 160.134, 314.848
476, 242.802, 475.984, 160.794, 315.186
477, 243.698, 476.984, 160.815, 316.165
478, 243.815, 477.985, 161.732, 316.247
479, 243.831, 478.984, 162.652, 316.328
480, 244.396, 479.985, 162.67, 317.309
481, 244.86, 480.984, 163.313, 317.67
482, 244.866, 481.985, 164.311, 317.67
483, 245.024, 482.984, 164.651, 318.329
484, 245.788, 483.984, 164.651, 319.329
485, 245.907, 484.985, 165.231, 319.749
486, 245.933, 485.984, 166.118, 319.863
487, 245.977, 486.985, 166.743, 320.238
488, 246.297, 487.984, 166.822, 321.157
489, 246.673, 488.985, 166.897, 322.082
490, 246.697, 489.984, 167.832, 322.148
491, 246.793, 490.984, 168.41, 322.569
492, 247.686, 491.984, 168.41, 323.57
493, 248.218, 492.984, 168.41, 324.57
494, 249.296, 493.984, 168.41, 325.57
495, 249.826, 494.984, 168.41, 326.572
496, 250.543, 495.984, 168.489, 327.492
497, 250.56, 496.984, 169.487, 327.492
498, 250.697, 497.985, 169.865, 328.114
499, 251.543, 498.984, 169.865, 329.115
500, 252.676, 499.984, 169.865, 330.115
501, 252.726, 500.985, 170.646, 330.333
502, 252.757, 501.984, 171.476, 330.503
503, 253.019, 502.985, 171.678, 331.303
504, 254.115, 503.984, 171.678, 332.302
505, 254.686, 504.985, 171.678, 333.303
506, 255.004, 505.985, 171.898, 334.081
507, 255.239, 506.985, 172.199, 334.78
508, 255.784, 507.984, 172.199, 335.781
509, 256.169, 508.984, 172.22, 336.759
510, 256.939, 509.985, 172.22, 337.761
511, 256.981, 510.984, 172.998, 337.981
512, 257.005, 511.984, 173.875, 338.109
513, 257.82, 512.984, 173.875, 339.104
514, 258.05, 513.984, 174.735, 339.247
515, 258.06, 514.984, 175.733, 339.247
516, 258.391, 515.985, 175.89, 340.09
517, 259.079, 516.984, 175.932, 341.048
518, 259.558, 517.984, 175.932, 342.048
519, 260.463, 518.984, 175.932, 343.047
520, 260.539, 519.984, 176.442, 343.537
521, 260.561, 520.984, 177.381, 343.601
522, 260.746, 521.984, 177.515, 344.466
523, 261.689, 522.984, 177.538, 345.444
524, 262.579, 523.984, 177.577, 346.403
525, 263.323, 524.984, 177.577, 347.404
526, 263.861, 525.984, 177.601, 348.379
527, 264.571, 526.985, 177.601, 349.378
528, 264.959, 527.984, 177.657, 350.323
529, 266.024, 528.984, 177.679, 351.305
530, 266.839, 529.985, 177.84, 352.141
531, 267.168, 530.984, 178.101, 352.881
532, 267.861, 531.984, 178.101, 353.878
533, 268.315, 532.984, 178.121, 354.861
534, 268.942, 533.984, 178.139, 355.842
535, 269.438, 534.984, 178.139, 356.841
536, 269.88, 535.984, 178.139, 357.843
537, 269.932, 536.984, 178.859, 358.121
538, 269.979, 537.985, 179.539, 358.444
539, 270.121, 538.984, 179.676, 359.305
540, 271.033, 539.985, 179.676, 360.303
541, 272.308, 540.984, 179.719, 361.26
542, 273.132, 541.984, 179.719, 362.26
543, 274.746, 542.985, 179.719, 363.264
544, 276.139, 543.984, 179.719, 364.26
545, 276.84, 544.985, 179.719, 365.26
546, 278.255, 545.984, 179.739, 366.242
547, 279.399, 546.984, 179.76, 367.221
548, 279.432, 547.984, 180.524, 367.455
549, 279.829, 548.984, 180.586, 368.393
550, 281.29, 549.984, 180.628, 369.353
551, 282.311, 550.984, 180.649, 370.331
552, 282.973, 551.984, 180.649, 371.333
553, 284.198, 552.984, 180.649, 372.332
554, 285.693, 553.984, 180.649, 373.33
555, 287.286, 554.984, 180.649, 374.331
556, 288.115, 555.985, 180.649, 375.33
557, 288.562, 556.984, 180.71, 376.27
558, 289.03, 557.984, 180.809, 377.172
559, 289.043, 558.984, 181.788, 377.191
560, 289.174, 559.984, 182.15, 377.832
561, 289.259, 560.984, 182.653, 378.329
562, 289.289, 561.984, 183.492, 378.489
563, 289.854, 562.984, 183.51, 379.473
564, 291.145, 563.984, 183.51, 380.47
565, 291.323, 564.984, 183.749, 381.233
566, 291.473, 565.984, 183.968, 382.012
567, 292.535, 566.984, 183.968, 382.991
568, 293.492, 567.985, 183.968, 384.011
569, 294.418, 568.985, 183.987, 384.993
570, 295.113, 569.985, 183.987, 385.992
571, 295.675, 570.984, 184.225, 386.755
572, 295.915, 571.984, 184.506, 387.473
573, 296.792, 572.985, 184.506, 388.473
574, 298.165, 573.985, 184.506, 389.474
575, 298.759, 574.984, 184.506, 390.477
576, 299.724, 575.984, 184.506, 391.473
577, 300.691, 576.985, 184.506, 392.474
578, 301.386, 577.984, 184.506, 393.475
579, 302.142, 578.984, 184.506, 394.473
580, 302.932, 579.984, 184.506, 395.473
581, 303.26, 580.986, 184.506, 396.473
582, 304.418, 581.984, 184.546, 397.434
583, 304.979, 582.984, 184.569, 398.413
584, 306.159, 583.984, 184.569, 399.411
585, 306.87, 584.984, 184.632, 400.351
586, 306.892, 585.984, 185.629, 400.351
587, 306.916, 586.985, 186.524, 400.457
588, 306.95, 587.985, 187.407, 400.573
589, 306.97, 588.984, 188.328, 400.652
590, 307.149, 589.984, 188.687, 401.292
591, 307.993, 590.984, 188.707, 402.274
592, 308.789, 591.985, 188.707, 403.272
593, 309.689, 592.985, 188.726, 404.253
594, 310.455, 593.985, 188.726, 405.254
595, 311.256, 594.984, 188.77, 406.21
596, 311.626, 595.985, 188.77, 407.21
597, 312.568, 596.984, 188.77, 408.21
598, 313.135, 597.985, 188.77, 409.211
599, 314.169, 598.984, 188.77, 410.209
600, 314.996, 599.986, 188.79, 411.19
601, 315.777, 600.985, 188.79, 412.189
602, 316.731, 601.985, 188.831, 413.148
603, 317.277, 602.985, 188.875, 414.106
604, 318.701, 603.984, 188.875, 415.104
605, 319.518, 604.984, 188.875, 416.107
606, 320.671, 605.984, 188.875, 417.105
607, 321.339, 606.984, 188.875, 418.105
608, 322.566, 607.984, 188.875, 419.105
609, 323.327, 608.984, 188.895, 420.085
610, 323.868, 609.984, 188.915, 421.066
611, 324.208, 610.984, 189.239, 421.743
612, 324.245, 611.984, 190.037, 421.943
613, 324.534, 612.984, 190.357, 422.623
614, 325.3, 613.985, 190.758, 423.224
615, 325.305, 614.984, 191.755, 423.224
616, 325.582, 615.984, 192.156, 423.823
617, 326.887, 616.984, 192.156, 424.826
618, 327.454, 617.984, 192.156, 425.825
619, 328.288, 618.984, 192.194, 426.786
620, 329.546, 619.985, 192.212, 427.77
621, 330.634, 620.985, 192.232, 428.747
622, 331.065, 621.984, 192.252, 429.728
623, 332.142, 622.984, 192.252, 430.73
624, 332.427, 623.984, 192.373, 431.608
625, 333.256, 624.984, 192.393, 432.589
626, 334.076, 625.985, 192.393, 433.588
627, 335.067, 626.985, 192.414, 434.565
628, 335.87, 627.985, 192.414, 435.566
629, 336.263, 628.984, 192.414, 436.565
630, 337.245, 629.984, 192.414, 437.568
631, 337.79, 630.984, 192.431, 438.548
632, 338.835, 631.984, 192.431, 439.549
633, 339.44, 632.984, 192.431, 440.548
634, 340.64, 633.984, 192.431, 441.548
635, 341.704, 634.984, 192.431, 442.552
636, 342.131, 635.984, 192.45, 443.53
637, 342.789, 636.985, 192.45, 444.531
638, 343.27, 637.984, 192.53, 445.449
639, 343.877, 638.984, 192.53, 446.452
640, 344.099, 639.984, 192.551, 447.428
641, 344.198, 640.985, 192.711, 448.271
642, 344.652, 641.984, 192.731, 449.248
643, 345.666, 642.984, 192.731, 450.248
644, 346.415, 643.984, 192.731, 451.25
645, 347.068, 644.984, 192.731, 452.249
646, 348.161, 645.984, 192.731, 453.248
647, 348.834, 646.985, 192.731, 454.251
648, 350.08, 647.984, 192.731, 455.25
649, 351.646, 648.984, 192.731, 456.248
650, 352.321, 649.984, 192.749, 457.232
651, 353.585, 650.985, 192.77, 458.209
652, 354.413, 651.984, 192.77, 459.21
653, 355.198, 652.985, 192.77, 460.209
654, 355.826, 653.984, 192.77, 461.209
655, 356.312, 654.984, 192.805, 462.174
656, 357.185, 655.984, 192.805, 463.177
657, 357.777, 656.984, 192.805, 464.176
658, 358.832, 657.985, 192.805, 465.177
659, 359.282, 658.985, 192.805, 466.176
660, 360.268, 659.985, 192.805, 467.175
661, 360.784, 660.984, 192.805, 468.176
662, 361.395, 661.984, 192.805, 469.175
663, 361.952, 662.984, 192.805, 470.176
664, 362.394, 663.984, 192.805, 471.175
665, 362.964, 664.985, 192.842, 472.138
666, 363.537, 665.985, 192.859, 473.12
667, 364.241, 666.984, 192.878, 474.103
668, 365.117, 667.985, 192.878, 475.103
669, 365.893, 668.984, 192.878, 476.102
670, 367.02, 669.985, 192.899, 477.082
671, 367.776, 670.984, 192.899, 478.08
672, 368.564, 671.984, 192.899, 479.081
673, 368.973, 672.984, 193.601, 479.381
674, 368.994, 673.984, 194.599, 479.381
675, 369.402, 674.984, 194.738, 480.241
676, 370.785, 675.984, 194.781, 481.198
677, 371.554, 676.984, 194.781, 482.199
678, 372.003, 677.984, 194.781, 483.2
679, 372.613, 678.984, 194.781, 484.199
680, 372.858, 679.984, 194.824, 485.156
681, 373.588, 680.984, 194.824, 486.155
682, 374.094, 681.985, 194.824, 487.159
683, 374.787, 682.984, 194.824, 488.157
684, 375.228, 683.984, 194.866, 489.114
685, 376.457, 684.984, 194.886, 490.094
686, 377.287, 685.984, 194.886, 491.094
687, 378.063, 686.985, 194.906, 492.074
688, 378.578, 687.985, 194.906, 493.075
689, 379.207, 688.984, 194.906, 494.073
690, 379.728, 689.984, 194.966, 495.013
691, 380.408, 690.984, 194.966, 496.017
692, 380.862, 691.984, 194.987, 496.993
693, 381.591, 692.984, 194.987, 497.994
694, 381.978, 693.985, 194.987, 498.994
695, 383.089, 694.985, 194.987, 499.994
696, 383.645, 695.984, 195.004, 500.975
697, 385.274, 696.984, 195.043, 501.937
698, 386.057, 697.984, 195.043, 502.94
699, 386.585, 698.984, 195.043, 503.936
700, 387.188, 699.984, 195.063, 504.918
701, 387.639, 700.985, 195.104, 505.875
702, 388.136, 701.984, 195.122, 506.858
703, 388.407, 702.984, 195.194, 507.787
704, 389.021, 703.987, 195.194, 508.784
705, 389.523, 704.984, 195.211, 509.768
706, 390.088, 705.984, 195.23, 510.751
707, 390.89, 706.984, 195.23, 511.75
708, 391.754, 707.984, 195.249, 512.732
709, 392.337, 708.987, 195.306, 513.674
710, 392.805, 709.984, 195.306, 514.673
711, 393.213, 710.984, 195.306, 515.674
712, 393.296, 711.985, 195.568, 516.413
713, 393.349, 712.984, 196.064, 516.916
714, 393.59, 713.984, 196.186, 517.795
715, 394.404, 714.984, 196.207, 518.773
716, 395.455, 715.985, 196.228, 519.752
717, 396.249, 716.985, 196.228, 520.754
718, 397.194, 717.985, 196.228, 521.752
719, 397.974, 718.984, 196.228, 522.755
720, 398.292, 719.984, 196.288, 523.692
721, 399.479, 720.984, 196.288, 524.691
722, 400.331, 721.985, 196.288, 525.695
723, 401.488, 722.984, 196.288, 526.694
724, 402.131, 723.984, 196.311, 527.669
725, 403.138, 724.986, 196.311, 528.67
726, 403.594, 725.987, 196.37, 529.609
727, 404.479, 726.984, 196.37, 530.61
728, 405.989, 727.984, 196.37, 531.611
729, 407.376, 728.984, 196.41, 532.57
730, 407.785, 729.984, 196.432, 533.548
731, 408.811, 730.984, 196.432, 534.547
732, 409.648, 731.985, 196.491, 535.489
733, 410.05, 732.984, 196.491, 536.491
734, 411.26, 733.985, 196.491, 537.49
735, 412.394, 734.984, 196.491, 538.488
736, 412.965, 735.984, 196.491, 539.489
737, 413.77, 736.984, 196.491, 540.489
738, 415.078, 737.985, 196.51, 541.47
739, 415.848, 738.984, 196.51, 542.469
740, 416.828, 739.985, 196.51, 543.469
741, 417.534, 740.984, 196.532, 544.449
742, 418.42, 741.984, 196.532, 545.448
743, 419.145, 742.985, 196.555, 546.425
744, 420.273, 743.985, 196.555, 547.426
745, 421.618, 744.984, 196.595, 548.384
746, 422.183, 745.984, 196.595, 549.385
747, 422.767, 746.985, 196.614, 550.367
748, 423.56, 747.984, 196.633, 551.348
749, 424.016, 748.985, 196.633, 552.348
750, 424.494, 749.985, 196.651, 553.329
751, 424.951, 750.984, 196.691, 554.288
752, 425.896, 751.984, 196.708, 555.272
753, 426.393, 752.984, 196.744, 556.235
754, 427.174, 753.984, 196.744, 557.236
755, 427.485, 754.984, 196.766, 558.216
756, 428.316, 755.984, 196.866, 559.114
757, 428.327, 756.985, 197.866, 559.114
758, 428.418, 757.984, 198.527, 559.453
759, 429.406, 758.985, 198.527, 560.452
760, 430.534, 759.986, 198.527, 561.455
761, 431.463, 760.984, 198.527, 562.453
762, 432.162, 761.984, 198.527, 563.452
763, 433.432, 762.985, 198.544, 564.436
764, 434.259, 763.984, 198.564, 565.416
765, 434.995, 764.984, 198.607, 566.372
766, 435.818, 765.984, 198.607, 567.373
767, 435.862, 766.984, 199.423, 567.558
768, 435.935, 767.984, 199.947, 568.034
769, 436.672, 768.985, 199.989, 568.991
770, 438.141, 769.985, 200.03, 569.95
771, 439.281, 770.985, 200.051, 570.929
772, 440.164, 771.984, 200.051, 571.928
773, 441.394, 772.984, 200.051, 572.931
774, 442.503, 773.984, 200.069, 573.912
775, 443.056, 774.984, 200.069, 574.911
776, 444.19, 775.985, 200.114, 575.866
777, 444.916, 776.985, 200.114, 576.865
778, 445.074, 777.984, 200.238, 577.743
779, 445.417, 778.984, 200.316, 578.664
780, 446.343, 779.984, 200.335, 579.645
781, 447.169, 780.984, 200.392, 580.587
782, 447.219, 781.985, 200.995, 580.987
783, 447.635, 782.984, 201.055, 581.924
784, 448.847, 783.984, 201.076, 582.904
785, 449.577, 784.984, 201.117, 583.865
786, 450.306, 785.984, 201.117, 584.864
787, 451.12, 786.984, 201.117, 585.862
788, 451.573, 787.984, 201.155, 586.824
789, 452.296, 788.984, 201.529, 587.451
790, 452.305, 789.984, 202.53, 587.451
791, 452.325, 790.985, 203.392, 587.587
792, 452.386, 791.985, 204.165, 587.814
793, 452.4, 792.985, 205.124, 587.856
794, 452.583, 793.984, 205.23, 588.75
795, 453.381, 794.984, 205.248, 589.732
796, 454.01, 795.984, 205.27, 590.71
797, 455.022, 796.984, 205.287, 591.693
798, 455.669, 797.984, 205.287, 592.692
799, 456.791, 798.984, 205.287, 593.692
800, 457.857, 799.985, 205.287, 594.693
801, 458.717, 800.986, 205.287, 595.692
802, 459.937, 801.984, 205.308, 596.674
803, 460.393, 802.984, 205.331, 597.648
804, 461.388, 803.984, 205.331, 598.649
805, 462.266, 804.984, 205.331, 599.648
806, 462.828, 805.984, 205.35, 600.629
807, 464.027, 806.984, 205.35, 601.63
808, 464.57, 807.984, 205.35, 602.63
809, 465.531, 808.985, 205.418, 603.562
810, 466.873, 809.984, 205.418, 604.561
811, 467.556, 810.984, 205.437, 605.542
812, 468.216, 811.984, 205.437, 606.544
813, 468.729, 812.984, 205.437, 607.542
814, 469.422, 813.984, 205.437, 608.543
815, 469.956, 814.984, 205.437, 609.542
816, 470.84, 815.984, 205.437, 610.544
817, 471.14, 816.985, 205.956, 611.024
818, 471.194, 817.986, 206.63, 611.351
819, 472.01, 818.984, 206.63, 612.351
820, 473.318, 819.985, 206.65, 613.333
821, 474.077, 820.984, 206.65, 614.33
822, 474.926, 821.984, 206.65, 615.329
823, 475.353, 822.984, 206.65, 616.331
824, 475.459, 823.984, 206.793, 617.187
825, 475.542, 824.984, 207.035, 617.946
826, 475.567, 825.984, 207.971, 618.008
827, 475.683, 826.984, 208.424, 618.556
828, 476.832, 827.984, 208.445, 619.537
829, 477.808, 828.985, 208.445, 620.531
830, 478.031, 829.985, 208.504, 621.478
831, 478.087, 830.984, 209.128, 621.853
832, 478.31, 831.984, 209.431, 622.548
833, 479.386, 832.984, 209.45, 623.531
834, 480.705, 833.984, 209.47, 624.51
835, 481.28, 834.984, 209.491, 625.489
836, 482.276, 835.985, 209.508, 626.473
837, 482.829, 836.984, 209.508, 627.472
838, 483.754, 837.984, 209.624, 628.356
839, 483.766, 838.984, 210.624, 628.356
840, 483.815, 839.984, 211.343, 628.638
841, 484.634, 840.985, 211.343, 629.637
842, 484.728, 841.984, 212.266, 629.716
843, 484.74, 842.984, 213.178, 629.802
844, 485.418, 843.985, 213.178, 630.802
845, 485.77, 844.984, 213.918, 631.062
846, 485.782, 845.985, 214.898, 631.083
847, 485.958, 846.984, 214.939, 632.04
848, 486.307, 847.984, 214.96, 633.019
849, 486.947, 848.984, 214.96, 634.022
850, 487.564, 849.984, 214.96, 635.02
851, 488.032, 850.984, 214.96, 636.021
852, 488.311, 851.984, 215.018, 636.962
853, 489.063, 852.984, 215.04, 637.939
854, 490.157, 853.985, 215.06, 638.921
855, 491.098, 854.984, 215.06, 639.919
856, 491.818, 855.985, 215.06, 640.92
857, 493.014, 856.985, 215.08, 641.9
858, 493.734, 857.985, 215.101, 642.882
859, 494.569, 858.984, 215.124, 643.857
860, 495.008, 859.985, 215.143, 644.839
861, 495.958, 860.985, 215.143, 645.84
862, 496.591, 861.984, 215.143, 646.839
863, 497.525, 862.984, 215.143, 647.837
864, 498.394, 863.985, 215.143, 648.836
865, 499.039, 864.984, 215.163, 649.817
866, 499.78, 865.984, 215.182, 650.802
867, 500.778, 866.985, 215.182, 651.799
868, 501.016, 867.984, 215.303, 652.677
869, 501.833, 868.984, 215.303, 653.678
870, 502.657, 869.984, 215.323, 654.658
871, 503.292, 870.985, 215.323, 655.658
872, 504.109, 871.985, 215.323, 656.657
873, 505.089, 872.984, 215.323, 657.659
874, 506.21, 873.984, 215.384, 658.596
875, 506.667, 874.985, 215.384, 659.596
876, 507.457, 875.985, 215.405, 660.576
877, 507.772, 876.985, 215.93, 661.051
878, 508.11, 877.986, 215.93, 662.05
879, 508.174, 878.984, 216.649, 662.332
880, 508.207, 879.984, 217.42, 662.559
881, 508.317, 880.984, 217.94, 663.039
882, 508.367, 881.985, 218.402, 663.58
883, 508.51, 882.984, 218.649, 664.332
884, 509.501, 883.984, 218.67, 665.31
885, 510.323, 884.984, 218.67, 666.312
886, 510.845, 885.984, 218.708, 667.271
887, 511.208, 886.984, 218.833, 668.147
888, 511.944, 887.984, 218.875, 669.104
889, 513.054, 888.984, 218.913, 670.068
890, 513.31, 889.984, 218.991, 670.989
891, 513.92, 890.984, 218.991, 671.989
892, 514.254, 891.984, 219.41, 672.569
893, 514.471, 892.985, 219.494, 673.485
894, 515.119, 893.985, 219.494, 674.487
895, 516.268, 894.985, 219.494, 675.486
896, 516.697, 895.985, 219.494, 676.486
897, 517.025, 896.984, 219.974, 677.006
898, 517.032, 897.985, 220.973, 677.006
899, 517.304, 898.984, 221.335, 677.646
900, 518.691, 899.984, 221.356, 678.624
901, 519.556, 900.985, 221.418, 679.561
902, 520.189, 901.984, 221.418, 680.565
903, 520.684, 902.984, 221.418, 681.562
904, 521.972, 903.984, 221.437, 682.542
905, 523.197, 904.985, 221.459, 683.521
906, 524.054, 905.984, 221.479, 684.502
907, 525.269, 906.984, 221.496, 685.484
908, 526.079, 907.984, 221.515, 686.464
909, 527.52, 908.984, 221.577, 687.402
910, 528.205, 909.985, 221.594, 688.387
911, 528.52, 910.984, 221.614, 689.367
912, 529.693, 911.984, 221.614, 690.367
913, 530.626, 912.984, 221.614, 691.348
914, 531.508, 913.986, 221.614, 692.365
915, 532.423, 914.985, 221.614, 693.367
916, 532.859, 915.984, 221.636, 694.346
917, 533.577, 916.984, 221.654, 695.326
918, 534.926, 917.984, 221.654, 696.326
919, 535.739, 918.984, 221.654, 697.325
920, 537.231, 919.984, 221.654, 698.325
921, 537.809, 920.984, 221.654, 699.326
922, 539.096, 921.985, 221.654, 700.325
923, 540.011, 922.985, 221.675, 701.305
924, 540.379, 923.984, 221.675, 702.306
925, 540.997, 924.984, 221.675, 703.308
926, 541.989, 925.984, 221.675, 704.306
927, 542.814, 926.984, 221.675, 705.306
928, 543.496, 927.985, 221.695, 706.286
929, 543.798, 928.984, 221.737, 707.243
930, 544.513, 929.984, 221.901, 708.081
931, 544.522, 930.985, 222.9, 708.081
932, 544.604, 931.984, 223.56, 708.42
933, 545.617, 932.985, 223.56, 709.42
934, 546.376, 933.985, 223.56, 710.42
935, 547.05, 934.984, 223.56, 711.422
936, 548.264, 935.984, 223.56, 712.419
937, 549.105, 936.984, 223.578, 713.401
938, 550.043, 937.984, 223.578, 714.401
939, 550.915, 938.984, 223.604, 715.377
940, 551.637, 939.984, 223.622, 716.357
941, 552.904, 940.984, 223.622, 717.358
942, 553.807, 941.984, 223.622, 718.361
943, 554.547, 942.984, 223.654, 719.325
944, 555.751, 943.984, 223.654, 720.326
945, 556.29, 944.985, 223.671, 721.308
946, 557.462, 945.984, 223.691, 722.289
947, 557.722, 946.986, 224.386, 722.593
948, 557.726, 947.985, 225.387, 722.593
949, 557.791, 948.984, 225.871, 723.109
950, 558.041, 949.985, 225.892, 724.087
951, 558.858, 950.985, 225.915, 725.066
952, 559.982, 951.985, 225.915, 726.066
953, 560.522, 952.984, 225.956, 727.023
954, 561.661, 953.984, 225.995, 727.986
955, 562.029, 954.985, 226.117, 728.863
956, 562.337, 955.984, 226.177, 729.804
957, 562.572, 956.985, 226.235, 730.745
958, 562.661, 957.984, 226.533, 731.449
959, 562.763, 958.985, 226.638, 732.341
960, 562.91, 959.984, 226.719, 733.261
961, 563.32, 960.985, 226.9, 734.08
962, 564.96, 961.984, 226.9, 735.08
963, 566.036, 962.984, 226.918, 736.061
964, 566.891, 963.984, 226.975, 737.005
965, 568.118, 964.984, 226.975, 738.007
966, 568.999, 965.984, 226.975, 739.005
967, 570.37, 966.984, 226.975, 740.005
968, 571.279, 967.984, 226.993, 740.986
969, 572.161, 968.984, 226.993, 741.987
970, 573.079, 969.984, 226.993, 742.988
971, 573.684, 970.985, 226.993, 743.986
972, 574.729, 971.984, 226.993, 744.987
973, 574.772, 972.984, 227.779, 745.2
974, 575.046, 973.985, 227.801, 746.18
975, 575.964, 974.985, 227.801, 747.179
976, 576.402, 975.984, 227.801, 748.178
977, 577.258, 976.985, 227.822, 749.158
978, 577.952, 977.985, 227.84, 750.14
979, 579.014, 978.984, 227.84, 751.141
980, 579.466, 979.984, 227.84, 752.14
981, 579.709, 980.984, 227.975, 753.005
982, 579.869, 981.984, 228.502, 753.48
983, 580.877, 982.984, 228.521, 754.459
984, 581.798, 983.984, 228.521, 755.46
985, 582.529, 984.984, 228.54, 756.439
986, 583.56, 985.984, 228.54, 757.44
987, 584.677, 986.985, 228.54, 758.439
988, 585.274, 987.985, 228.56, 759.42
989, 585.856, 988.984, 228.56, 760.42
990, 586.84, 989.985, 228.56, 761.42
991, 587.419, 990.984, 228.56, 762.421
992, 588.462, 991.984, 228.56, 763.42
993, 589.253, 992.984, 228.56, 764.42
994, 589.856, 993.984, 228.645, 765.335
995, 590.138, 994.984, 229.066, 765.915
996, 590.149, 995.984, 230.064, 765.915
997, 590.171, 996.984, 230.965, 766.015
998, 590.245, 997.984, 231.546, 766.434
999, 591.073, 998.984, 231.546, 767.433
1000, 592.572, 999.985, 231.566, 768.413
1001, 593.413, 1000.98, 231.566, 769.413
1002, 593.971, 1001.98, 231.566, 770.413
1003, 594.291, 1002.98, 231.566, 771.414
1004, 595.199, 1003.99, 231.566, 772.414
1005, 595.986, 1004.98, 231.588, 773.391
1006, 596.29, 1005.98, 231.648, 774.331
1007, 596.878, 1006.98, 231.648, 775.331
1008, 598.153, 1007.99, 231.648, 776.332
1009, 598.796, 1008.98, 231.648, 777.331
1010, 599.482, 1009.98, 231.688, 778.293
1011, 600.284, 1010.98, 231.708, 779.271
1012, 601.783, 1011.98, 231.708, 780.272
1013, 602.392, 1012.99, 231.73, 781.251
1014, 603.091, 1013.98, 231.73, 782.252
1015, 604.745, 1014.98, 231.749, 783.233
1016, 606.352, 1015.98, 231.749, 784.23
1017, 607.372, 1016.98, 231.749, 785.231
1018, 608.269, 1017.99, 231.749, 786.23
1019, 609.164, 1018.98, 231.769, 787.211
1020, 610.465, 1019.99, 231.79, 788.19
1021, 612.075, 1020.98, 231.79, 789.19
1022, 614.02, 1021.98, 231.79, 790.189
1023, 615.92, 1022.98, 231.79, 791.192
1024, 617.859, 1023.99, 231.79, 792.193
1025, 619.784, 1024.98, 231.808, 793.171
1026, 621.277, 1025.98, 231.829, 794.15
1027, 623.155, 1026.98, 231.846, 795.135
1028, 625.272, 1027.98, 231.867, 796.113
1029, 626.993, 1028.98, 231.889, 797.093
1030, 627.958, 1029.98, 231.889, 798.09
1031, 628.799, 1030.98, 231.91, 799.07
1032, 630.367, 1031.98, 231.91, 800.071
1033, 632.547, 1032.98, 231.91, 801.071
1034, 634.694, 1033.98, 231.926, 802.055
1035, 636.832, 1034.98, 231.926, 803.053
1036, 638.773, 1035.98, 231.968, 804.011
1037, 640.172, 1036.98, 231.99, 804.99
1038, 640.841, 1037.98, 232.01, 805.971
1039, 641.616, 1038.98, 232.048, 806.933
1040, 643.047, 1039.98, 232.048, 807.931
1041, 643.598, 1040.98, 232.048, 808.933
1042, 644.696, 1041.98, 232.086, 809.894
1043, 645.54, 1042.98, 232.307, 810.674
1044, 645.756, 1043.98, 232.307, 811.672
1045, 646.064, 1044.98, 232.33, 812.65
1046, 646.722, 1045.98, 232.33, 813.649
1047, 647.937, 1046.98, 232.33, 814.649
1048, 648.559, 1047.98, 232.33, 815.65
1049, 649.076, 1048.98, 232.349, 816.63
1050, 649.428, 1049.98, 232.551, 817.429
1051, 649.449, 1050.98, 233.491, 817.489
1052, 649.754, 1051.98, 233.733, 818.247
1053, 651.009, 1052.98, 233.754, 819.226
1054, 651.875, 1053.98, 233.773, 820.206
1055, 652.736, 1054.98, 233.773, 821.206
1056, 653.514, 1055.98, 233.773, 822.206
1057, 654.285, 1056.98, 233.794, 823.186
1058, 655.391, 1057.98, 233.794, 824.186
1059, 656.282, 1058.98, 233.794, 825.188
1060, 656.94, 1059.98, 233.794, 826.186
1061, 657.75, 1060.98, 233.813, 827.167
1062, 658.577, 1061.98, 233.852, 828.127
1063, 659.275, 1062.98, 233.852, 829.129
1064, 659.658, 1063.98, 233.852, 830.128
1065, 660.34, 1064.98, 233.896, 831.084
1066, 661.373, 1065.98, 233.915, 832.064
1067, 662.021, 1066.98, 233.934, 833.046
1068, 662.573, 1067.98, 233.99, 833.99
1069, 662.85, 1068.99, 234.13, 834.851
1070, 664.093, 1069.98, 234.13, 835.85
1071, 664.984, 1070.98, 234.153, 836.828
1072, 666.067, 1071.98, 234.153, 837.828
1073, 667.866, 1072.98, 234.153, 838.827
1074, 668.479, 1073.98, 234.252, 839.728
1075, 668.491, 1074.98, 235.252, 839.728
1076, 668.608, 1075.98, 235.81, 840.172
1077, 669.563, 1076.98, 235.831, 841.15
1078, 670.713, 1077.98, 235.85, 842.13
