Iteration, Path length, Time, Planning, Flying
0, 3.68686, 7.98, 1.981, 5.748
1, 9.20649, 10.954, 4.57, 13.987
2, 9.75654, 10.954, 5.282, 15.234
3, 15.4736, 13.969, 8.332, 24.275
4, 17.4457, 13.969, 10.277, 27.976
5, 18.0964, 13.969, 10.334, 28.799
6, 18.5107, 13.969, 10.392, 29.8
7, 18.5614, 13.969, 11.257, 30.214
8, 19.505, 14.972, 11.257, 30.214
9, 20.452, 14.972, 11.278, 31.108
10, 21.0901, 14.972, 11.278, 31.108
11, 21.8708, 14.972, 11.278, 31.108
12, 21.8909, 14.972, 11.723, 31.128
13, 22.0132, 14.972, 11.765, 31.428
14, 23.3244, 15.969, 11.765, 31.428
15, 24.2652, 15.969, 11.765, 31.428
16, 25.492, 15.969, 11.786, 33.106
17, 25.8841, 15.969, 11.829, 34.225
18, 26.3742, 15.969, 11.829, 34.225
19, 26.6122, 15.969, 11.867, 35.104
20, 27.3473, 16.971, 11.887, 39.301
21, 27.716, 16.971, 11.887, 39.301
22, 28.316, 16.971, 11.905, 40.902
23, 29.4102, 16.971, 11.951, 42.359
24, 29.4158, 16.971, 11.951, 43.542
25, 29.503, 16.971, 12.009, 44.75
26, 30.4632, 17.971, 12.009, 46.372
27, 30.8808, 17.971, 12.09, 49.451
28, 31.5056, 17.971, 12.132, 50.392
29, 32.0891, 17.971, 12.194, 51.566
30, 32.0991, 17.971, 14.132, 51.566
31, 32.1308, 17.971, 15.467, 51.669
32, 33.1772, 18.972, 15.512, 51.886
33, 34.2595, 18.972, 15.512, 51.886
34, 34.7435, 18.972, 15.553, 52.446
35, 35.5311, 18.972, 15.61, 53.51
36, 35.7791, 18.972, 15.627, 54.071
37, 36.4528, 18.972, 15.627, 54.071
38, 37.4207, 19.969, 15.627, 54.071
39, 38.3066, 19.969, 15.627, 54.071
40, 39.6749, 19.969, 15.645, 54.948
41, 40.404, 19.969, 15.663, 55.79
42, 40.7829, 19.969, 15.663, 57.11
43, 42.2585, 19.969, 15.663, 57.11
44, 43.1693, 20.972, 15.663, 57.11
45, 44.3183, 20.972, 15.683, 60.03
46, 45.0748, 20.972, 15.683, 60.03
47, 45.7193, 20.972, 15.683, 60.03
48, 45.7312, 20.972, 15.683, 60.03
49, 46.5089, 20.972, 15.683, 60.03
50, 46.9791, 21.969, 15.683, 60.03
51, 47.5296, 21.969, 15.683, 60.03
52, 48.501, 21.969, 15.683, 60.03
53, 49.7201, 21.969, 15.706, 61.887
54, 49.7361, 21.969, 17.409, 61.966
55, 50.2872, 21.969, 17.409, 61.966
56, 51.1453, 22.969, 17.431, 65.982
57, 52.1129, 22.969, 17.431, 65.982
58, 52.8132, 22.969, 17.431, 65.982
59, 53.4739, 22.969, 17.449, 66.903
60, 53.4989, 22.969, 18.77, 66.92
61, 54.8811, 22.969, 18.77, 66.92
62, 55.5841, 23.969, 18.77, 66.92
63, 56.3509, 23.969, 18.795, 69.539
64, 57.554, 23.969, 18.834, 73.962
65, 58.6809, 23.969, 18.852, 74.566
66, 59.0718, 23.969, 18.894, 74.726
67, 60.2329, 23.969, 18.894, 74.726
68, 61.1785, 24.97, 18.894, 74.726
69, 61.9607, 24.97, 18.894, 74.726
70, 62.5935, 24.97, 18.952, 76.187
71, 64.0094, 24.97, 18.952, 76.187
72, 64.5567, 24.97, 18.972, 82.664
73, 65.3312, 25.971, 18.972, 82.664
74, 67.0679, 25.971, 19.031, 84.84
75, 67.4143, 25.971, 19.05, 86.461
76, 67.8229, 25.971, 19.095, 87.319
77, 68.3823, 25.971, 19.118, 89.679
78, 68.7994, 25.971, 19.118, 89.679
79, 70.0453, 26.97, 19.118, 89.679
80, 70.6721, 26.97, 19.14, 90.317
81, 71.7201, 26.97, 19.14, 90.317
82, 72.3741, 26.97, 19.14, 90.317
83, 73.329, 26.97, 19.14, 90.317
84, 74.6915, 27.969, 19.158, 95.756
85, 76.9288, 27.969, 19.185, 97.376
86, 77.2774, 27.969, 19.469, 98.675
87, 77.725, 27.969, 19.537, 100.786
88, 78.9172, 27.969, 19.537, 100.786
89, 79.9529, 27.969, 19.537, 100.786
90, 80.4996, 28.969, 19.565, 101.788
91, 80.7135, 28.969, 19.829, 102.266
92, 81.6213, 28.969, 19.922, 103.108
93, 82.1885, 28.969, 19.922, 103.108
94, 82.8191, 28.969, 19.922, 103.108
95, 83.9209, 29.972, 19.963, 103.521
96, 86.4521, 29.972, 19.982, 106.02
97, 87.4133, 29.972, 20.003, 107.413
98, 87.865, 29.972, 20.064, 108.474
99, 89.1185, 29.972, 20.064, 108.474
100, 90.284, 29.972, 20.064, 108.474
101, 90.7598, 30.971, 20.11, 110.111
102, 91.7878, 30.971, 20.11, 110.111
103, 92.8647, 30.971, 20.146, 110.516
104, 93.4519, 30.971, 20.146, 110.516
105, 94.0945, 30.971, 20.146, 110.516
106, 94.6182, 31.971, 20.181, 111.016
107, 96.0884, 31.971, 20.196, 112.756
108, 96.4547, 31.971, 20.196, 112.756
109, 96.9752, 31.971, 20.222, 113.554
110, 97.4445, 31.971, 20.245, 119.95
111, 98.7912, 31.971, 20.245, 119.95
112, 99.6897, 32.969, 20.245, 119.95
113, 100.598, 32.969, 20.304, 122.83
114, 101.185, 32.969, 20.342, 124.546
115, 101.213, 32.969, 21.243, 124.625
116, 102.326, 32.969, 21.263, 132.346
117, 103.599, 33.969, 21.301, 134.126
118, 104.966, 33.969, 21.359, 136.252
119, 105.269, 33.969, 21.449, 137.083
120, 105.977, 33.969, 21.449, 137.083
121, 106.095, 33.969, 22.133, 137.356
122, 106.643, 33.969, 22.133, 137.356
123, 107.752, 34.97, 22.133, 137.356
124, 108.295, 34.97, 22.133, 137.356
125, 108.604, 34.97, 22.234, 139.259
126, 109.787, 34.97, 22.255, 140.198
127, 110.426, 34.97, 22.255, 140.198
128, 111.346, 35.969, 22.33, 142.683
129, 112.505, 35.969, 22.369, 144.481
130, 112.924, 35.969, 22.385, 146.428
131, 113.761, 35.969, 22.404, 147.367
132, 114.866, 35.969, 22.426, 147.846
133, 116.489, 35.969, 22.446, 150.824
134, 117.54, 36.969, 22.488, 151.906
135, 118.525, 36.969, 22.514, 153.045
136, 118.961, 36.969, 22.908, 153.088
137, 119.845, 36.969, 22.972, 153.846
138, 120.487, 36.969, 22.972, 153.846
139, 121.614, 36.969, 22.994, 155.126
140, 122.284, 37.969, 22.994, 155.126
141, 123.19, 37.969, 23.019, 156.846
142, 123.79, 37.969, 23.085, 157.818
143, 124.548, 37.969, 23.085, 157.818
144, 125.119, 37.969, 23.085, 157.818
145, 125.922, 38.97, 23.085, 157.818
146, 126.404, 38.97, 23.085, 157.818
147, 126.774, 38.97, 23.13, 158.912
148, 127.881, 38.97, 23.151, 162.132
149, 129.262, 38.97, 23.151, 162.132
150, 130.845, 39.971, 23.202, 164.918
151, 131.672, 39.971, 23.202, 164.918
152, 132.655, 39.971, 23.252, 165.446
153, 133.062, 39.971, 23.295, 165.92
154, 133.512, 39.971, 23.295, 165.92
155, 134.38, 40.97, 23.295, 165.92
156, 138.191, 40.97, 23.402, 169.65
157, 139.246, 40.97, 23.426, 172.624
158, 139.884, 40.97, 23.446, 173.466
159, 139.934, 40.97, 23.446, 174.429
160, 140.768, 40.97, 23.446, 174.429
161, 141.484, 41.97, 23.465, 176.009
162, 142.636, 41.97, 23.487, 177.207
163, 143.276, 41.97, 23.528, 178.084
164, 143.954, 41.97, 23.569, 179.623
165, 143.954, 41.97, 23.569, 179.623
166, 144.978, 41.97, 23.569, 179.623
167, 146.075, 42.971, 23.63, 181.068
168, 147.189, 42.971, 23.67, 181.786
169, 148.394, 42.971, 23.732, 182.406
170, 148.394, 42.971, 23.732, 182.406
171, 149.135, 42.971, 23.732, 182.406
172, 149.379, 43.969, 23.732, 183.505
173, 150.798, 43.969, 23.771, 185.025
174, 151.199, 43.969, 23.771, 185.025
175, 151.809, 43.969, 23.791, 186.001
176, 151.809, 43.969, 23.791, 186.001
177, 152.213, 43.969, 23.791, 186.001
178, 152.603, 44.969, 23.857, 186.19
179, 153.379, 44.969, 23.857, 186.19
180, 154.213, 44.969, 23.878, 188.331
181, 154.87, 44.969, 23.878, 188.331
182, 154.87, 44.969, 23.878, 188.331
183, 155.642, 44.969, 23.878, 188.331
184, 156.38, 45.969, 23.878, 189.635
185, 157.46, 45.969, 23.923, 190.154
186, 158.031, 45.969, 23.967, 191.716
187, 158.031, 45.969, 23.967, 191.716
188, 158.486, 45.969, 24.07, 200.992
189, 158.498, 46.972, 24.07, 200.992
190, 160.09, 46.972, 24.134, 204.255
191, 161.024, 46.972, 24.155, 205.271
192, 161.629, 46.972, 24.195, 206.75
193, 161.629, 46.972, 24.195, 206.75
194, 162.346, 46.972, 24.215, 207.529
195, 162.442, 47.97, 26.178, 207.545
196, 163.285, 47.97, 26.195, 208.181
197, 164.005, 47.97, 26.217, 209.1
198, 165.16, 47.97, 26.283, 209.975
199, 165.16, 47.97, 26.283, 209.975
200, 165.963, 47.97, 26.298, 211.242
201, 166.743, 48.97, 26.314, 211.943
202, 167.326, 48.97, 26.374, 213.484
203, 168.249, 48.97, 26.4, 214.68
204, 168.891, 48.97, 26.4, 214.68
205, 168.891, 48.97, 26.4, 214.68
206, 170.025, 48.97, 26.419, 214.8
207, 170.378, 49.97, 26.438, 215.621
208, 171.516, 49.97, 26.475, 216.462
209, 171.956, 49.97, 26.498, 217.538
210, 172.46, 49.97, 26.586, 219.748
211, 172.46, 49.97, 26.586, 219.748
212, 173.486, 49.97, 26.586, 219.748
213, 173.567, 50.972, 26.836, 221.402
214, 174.563, 50.972, 26.873, 221.907
215, 175.691, 50.972, 26.891, 222.344
216, 176.437, 50.972, 26.912, 223.181
217, 176.437, 50.972, 26.912, 223.181
218, 176.879, 50.972, 26.912, 223.181
219, 177.057, 51.969, 27.224, 223.845
220, 177.494, 51.969, 27.277, 225.01
221, 178.147, 51.969, 27.294, 226.233
222, 179.337, 51.969, 27.317, 227.113
223, 179.337, 51.969, 27.317, 227.113
224, 179.769, 51.969, 27.376, 230.734
225, 179.838, 52.969, 27.658, 231.473
226, 180.79, 52.969, 27.677, 232.393
227, 181.549, 52.969, 27.717, 233.494
228, 182.607, 52.969, 27.751, 234.435
229, 182.607, 52.969, 27.751, 234.435
230, 182.629, 52.969, 27.751, 234.435
231, 182.698, 53.969, 28.02, 235.048
232, 183.294, 53.969, 28.038, 236.25
233, 183.788, 53.969, 28.105, 237.149
234, 183.788, 53.969, 28.105, 237.149
235, 184.185, 53.969, 29.427, 237.188
236, 184.206, 54.969, 30.07, 237.226
237, 185.428, 54.969, 30.134, 239.47
238, 186.417, 54.969, 30.134, 239.47
239, 187.587, 54.969, 30.191, 240.611
240, 187.587, 54.969, 30.191, 240.611
241, 188.85, 54.969, 30.207, 242.097
242, 188.987, 55.969, 30.935, 242.47
243, 189.216, 55.969, 31.37, 243.169
244, 190.618, 55.969, 31.398, 245.29
245, 191.121, 55.969, 31.457, 246.107
246, 191.121, 55.969, 31.457, 246.107
247, 191.787, 55.969, 31.477, 246.825
248, 192.708, 56.97, 31.552, 248.089
249, 193.361, 56.97, 31.591, 248.228
250, 193.949, 56.97, 31.64, 248.834
251, 194.711, 56.97, 31.64, 248.834
252, 194.711, 56.97, 31.64, 248.834
253, 195.431, 56.97, 31.64, 248.834
254, 196.365, 57.97, 31.66, 249.675
255, 197.336, 57.97, 31.66, 249.675
256, 197.982, 57.97, 31.683, 251.217
257, 197.982, 57.97, 31.683, 251.217
258, 198.628, 57.97, 31.683, 251.217
259, 199.361, 58.97, 31.706, 252.253
260, 200.707, 58.97, 31.748, 254.687
261, 202.273, 58.97, 31.815, 256.256
262, 202.273, 58.97, 31.815, 256.256
263, 203.531, 58.97, 31.815, 256.256
264, 204.065, 59.973, 31.815, 257.333
265, 204.44, 59.973, 33.146, 259.063
266, 205.485, 59.973, 33.208, 259.724
267, 206.724, 59.973, 33.263, 260.589
268, 206.724, 59.973, 33.263, 260.589
269, 207.474, 59.973, 33.285, 264.907
270, 208.064, 60.971, 33.322, 264.929
271, 208.1, 60.971, 34.684, 265.106
272, 208.718, 60.971, 34.702, 265.465
273, 209.177, 60.971, 34.761, 266.509
274, 209.177, 60.971, 34.761, 266.509
275, 210.007, 60.971, 34.761, 266.509
276, 210.96, 61.969, 34.805, 268.15
277, 211.913, 61.969, 34.828, 269.97
278, 213.103, 61.969, 34.855, 270.626
279, 213.103, 61.969, 34.855, 270.626
280, 213.723, 61.969, 34.876, 272.127
281, 214.436, 62.969, 34.915, 273.324
282, 214.982, 62.969, 36.131, 273.472
283, 215.527, 62.969, 36.149, 274.23
284, 216.718, 62.969, 36.169, 275.224
285, 216.718, 62.969, 36.169, 275.224
286, 217.393, 62.969, 36.169, 275.224
287, 218.275, 63.971, 36.169, 275.224
288, 218.773, 63.971, 36.187, 276.366
289, 219.305, 63.971, 36.206, 277.367
290, 219.305, 63.971, 36.206, 277.367
291, 219.83, 63.971, 36.206, 277.367
292, 220.765, 64.969, 36.266, 278.81
293, 222.513, 64.969, 36.29, 280.867
294, 222.998, 64.969, 36.366, 281.892
295, 223.392, 64.969, 36.474, 282.873
296, 223.392, 64.969, 36.474, 282.873
297, 224.916, 64.969, 36.474, 282.873
298, 225.779, 65.969, 36.497, 283.673
299, 227.263, 65.969, 36.519, 284.534
300, 227.293, 65.969, 37.065, 284.938
301, 227.293, 65.969, 37.065, 284.938
302, 227.852, 65.969, 37.104, 289.437
303, 228.919, 66.97, 37.193, 291.041
304, 230.759, 66.97, 37.24, 292.794
305, 232.157, 66.97, 37.256, 293.412
306, 232.257, 66.97, 38.069, 293.839
307, 232.257, 66.97, 38.069, 293.839
308, 233.075, 66.97, 38.088, 294.938
309, 234.381, 67.97, 38.13, 295.36
310, 234.955, 67.97, 38.13, 295.36
311, 235.398, 67.97, 38.171, 296.822
312, 236.424, 67.97, 38.211, 297.306
313, 236.424, 67.97, 38.211, 297.306
314, 236.795, 67.97, 38.211, 297.306
315, 237.565, 68.97, 38.211, 297.306
316, 238.071, 68.97, 38.262, 300.116
317, 238.926, 68.97, 38.284, 300.116
318, 239.849, 68.97, 38.34, 301.558
319, 239.849, 68.97, 38.34, 301.558
320, 240.69, 68.97, 38.34, 301.558
321, 242.031, 69.971, 38.362, 303.334
322, 242.08, 69.971, 38.362, 303.57
323, 243.174, 69.971, 38.362, 303.57
324, 244.185, 69.971, 38.409, 304.528
325, 244.185, 69.971, 38.409, 304.528
326, 245.101, 69.971, 38.43, 307.509
327, 245.604, 70.97, 38.43, 307.509
328, 245.992, 70.97, 38.467, 310.051
329, 246.236, 70.97, 38.913, 310.598
330, 246.236, 70.97, 38.913, 310.598
331, 246.886, 70.97, 38.913, 310.598
332, 247.964, 71.97, 38.913, 310.598
333, 248.758, 71.97, 40.733, 310.677
334, 249.114, 71.97, 40.733, 310.677
335, 249.404, 71.97, 40.798, 311.197
336, 249.404, 71.97, 40.798, 311.197
337, 249.817, 71.97, 40.819, 312.502
338, 250.474, 72.971, 40.839, 316.121
339, 251.735, 72.971, 40.885, 317.915
340, 252.662, 72.971, 40.924, 319.634
341, 253.621, 72.971, 40.983, 320.912
342, 253.621, 72.971, 40.983, 320.912
343, 254.494, 72.971, 40.983, 320.912
344, 255.293, 73.971, 40.983, 320.912
345, 255.952, 73.971, 40.983, 320.912
346, 256.7, 73.971, 40.983, 320.912
347, 257.61, 73.971, 41.004, 321.431
348, 257.61, 73.971, 41.004, 321.431
349, 258.725, 73.971, 41.004, 321.431
350, 259.606, 74.969, 41.026, 323.05
351, 259.988, 74.969, 41.049, 324.971
352, 260.697, 74.969, 41.073, 326.29
353, 260.697, 74.969, 41.073, 326.29
354, 261.82, 74.969, 41.073, 326.29
355, 263.469, 75.97, 41.073, 326.29
356, 265.03, 75.97, 41.144, 329.122
357, 265.705, 75.97, 41.166, 330.698
358, 266.469, 75.97, 41.185, 331.858
359, 266.469, 75.97, 41.185, 331.858
360, 266.959, 75.97, 41.209, 335.911
361, 267.683, 76.972, 41.209, 335.911
362, 268.033, 76.972, 41.263, 336.377
363, 268.211, 76.972, 41.705, 336.437
364, 268.231, 76.972, 41.705, 336.437
365, 268.231, 76.972, 41.705, 336.437
366, 268.548, 76.972, 41.705, 336.437
367, 269.771, 77.969, 41.722, 339.56
368, 270.366, 77.969, 41.743, 340.677
369, 271.248, 77.969, 41.757, 342.099
370, 271.338, 77.969, 43.476, 342.158
371, 271.338, 77.969, 43.476, 342.158
372, 272.45, 77.969, 43.476, 342.158
373, 272.942, 78.969, 43.498, 342.901
374, 273.957, 78.969, 43.498, 342.901
375, 274.038, 78.969, 43.498, 343.182
376, 274.721, 78.969, 43.563, 344.262
377, 274.721, 78.969, 43.563, 344.262
378, 275.75, 78.969, 43.58, 347.64
379, 276.724, 79.974, 43.58, 347.64
380, 276.74, 79.974, 45.361, 347.741
381, 277.184, 79.974, 45.413, 348.386
382, 277.184, 79.974, 45.413, 348.386
383, 277.645, 79.974, 45.413, 348.386
384, 278.333, 80.971, 45.475, 350.537
385, 279.79, 80.971, 45.534, 353.478
386, 279.811, 80.971, 46.069, 353.521
387, 281.182, 80.971, 46.108, 354.861
388, 281.182, 80.971, 46.108, 354.861
389, 282.367, 80.971, 46.127, 356.482
390, 283.239, 81.969, 46.146, 356.964
391, 284.219, 81.969, 46.182, 357.846
392, 284.281, 81.969, 47, 358.296
393, 285.228, 81.969, 47.126, 359.19
394, 285.228, 81.969, 47.126, 359.19
395, 285.913, 81.969, 47.145, 360.634
396, 286.706, 82.972, 47.145, 360.634
397, 287.445, 82.972, 47.158, 361.421
398, 288.014, 82.972, 47.182, 361.593
399, 288.514, 82.972, 47.182, 361.593
400, 288.514, 82.972, 47.182, 361.593
401, 289.203, 82.972, 47.182, 361.593
402, 290.399, 83.971, 47.244, 364.353
403, 291.476, 83.971, 47.244, 364.353
404, 292.932, 83.971, 47.244, 366.316
405, 294.055, 83.971, 47.263, 367.894
406, 294.055, 83.971, 47.263, 367.894
407, 295.74, 83.971, 47.263, 367.894
408, 296.627, 84.97, 47.263, 367.894
409, 297.164, 84.97, 47.278, 370.439
410, 298.921, 84.97, 47.346, 371.109
411, 299.398, 84.97, 47.455, 372.241
412, 299.398, 84.97, 47.455, 372.241
413, 300.121, 84.97, 47.455, 372.241
414, 301.339, 85.97, 47.47, 374.224
415, 301.992, 85.97, 47.493, 375.427
416, 303.566, 85.97, 47.493, 375.427
417, 304.375, 85.97, 47.513, 376.566
418, 304.375, 85.97, 47.513, 376.566
419, 305.506, 85.97, 47.513, 376.566
420, 306.151, 86.971, 47.532, 376.929
421, 307.382, 86.971, 47.552, 377.925
422, 308.97, 86.971, 47.607, 380.124
423, 309.439, 86.971, 47.661, 380.282
424, 309.439, 86.971, 47.661, 380.282
425, 310.458, 86.971, 47.661, 380.282
426, 311.065, 87.973, 47.705, 381.619
427, 311.569, 87.973, 47.724, 382.379
428, 313.093, 87.973, 47.724, 382.379
429, 313.767, 87.973, 47.781, 384.07
430, 313.767, 87.973, 47.781, 384.07
431, 314.498, 87.973, 47.781, 384.07
432, 315.348, 88.971, 47.781, 384.07
433, 316.156, 88.971, 47.83, 385.204
434, 317.252, 88.971, 47.83, 385.204
435, 318.464, 88.971, 47.865, 386.194
436, 318.464, 88.971, 47.865, 386.194
437, 319.106, 88.971, 47.914, 392.949
438, 319.908, 89.971, 47.937, 394.546
439, 321.076, 89.971, 47.953, 394.966
440, 321.395, 89.971, 47.973, 397.488
441, 321.939, 89.971, 47.973, 397.488
442, 321.939, 89.971, 47.973, 397.488
443, 323.147, 89.971, 47.973, 397.488
444, 324.082, 90.972, 47.973, 397.488
445, 324.75, 90.972, 48.011, 399.171
446, 325.669, 90.972, 48.031, 399.712
447, 326.236, 90.972, 48.071, 401.551
448, 326.236, 90.972, 48.071, 401.551
449, 327.152, 90.972, 48.071, 401.551
450, 327.769, 91.969, 48.071, 403.811
451, 328.292, 91.969, 48.15, 404.712
452, 328.572, 91.969, 48.271, 406.372
453, 329.15, 91.969, 48.271, 406.372
454, 329.15, 91.969, 48.271, 406.372
455, 330.394, 91.969, 48.271, 406.372
456, 330.407, 92.971, 48.271, 406.372
457, 330.455, 92.971, 48.637, 406.823
458, 331.062, 92.971, 48.659, 408.339
459, 331.062, 92.971, 48.659, 408.339
460, 331.602, 92.971, 48.659, 408.339
461, 331.772, 93.969, 50.517, 408.379
462, 333.125, 93.969, 50.555, 410.321
463, 333.152, 93.969, 51.264, 410.472
464, 333.716, 93.969, 51.343, 411.752
465, 333.716, 93.969, 51.343, 411.752
466, 334.844, 93.969, 51.365, 416.685
467, 335.894, 94.969, 51.365, 416.685
468, 335.973, 94.969, 51.621, 417.148
469, 336.008, 94.969, 52.942, 417.227
470, 336.728, 94.969, 52.957, 418.311
471, 336.728, 94.969, 52.957, 418.311
472, 338.054, 94.969, 52.976, 419.275
473, 339.074, 95.969, 52.976, 419.275
474, 339.318, 95.969, 52.993, 420.039
475, 339.981, 95.969, 53.052, 420.883
476, 340.735, 95.969, 53.128, 421.748
477, 340.735, 95.969, 53.128, 421.748
478, 341.496, 95.969, 53.151, 422.224
479, 342.12, 96.971, 53.169, 424.744
480, 342.27, 96.971, 53.373, 425.943
481, 343.484, 96.971, 53.373, 425.943
482, 344.465, 96.971, 53.417, 426.662
483, 344.465, 96.971, 53.417, 426.662
484, 345.574, 96.971, 53.436, 427.9
485, 346.455, 97.969, 53.461, 429.68
486, 347.299, 97.969, 53.48, 430.301
487, 347.775, 97.969, 53.522, 432.16
488, 348.298, 97.969, 53.56, 433.319
489, 348.298, 97.969, 53.56, 433.319
490, 349.023, 97.969, 53.56, 433.319
491, 349.867, 98.971, 53.605, 434.41
492, 350.949, 98.971, 53.625, 434.791
493, 351.526, 98.971, 53.625, 434.791
494, 351.526, 98.971, 53.625, 434.791
495, 352.394, 98.971, 53.684, 437.396
496, 353.562, 99.971, 53.726, 438.358
497, 355.361, 99.971, 53.787, 440.455
498, 355.916, 99.971, 53.83, 442.05
499, 356.971, 99.971, 53.912, 444.108
500, 356.971, 99.971, 53.912, 444.108
501, 357.962, 99.971, 53.912, 444.108
502, 357.978, 100.969, 54.031, 444.145
503, 359.044, 100.969, 54.088, 445.146
504, 359.547, 100.969, 54.147, 446.048
505, 359.547, 100.969, 54.147, 446.048
506, 360.422, 100.969, 54.213, 448.017
507, 360.464, 101.974, 55.874, 448.224
508, 362.018, 101.974, 55.874, 448.224
509, 363.167, 101.974, 55.894, 448.751
510, 363.167, 101.974, 55.894, 448.751
511, 364.104, 101.974, 55.959, 449.31
512, 365.023, 102.972, 56.042, 450.18
513, 366.078, 102.972, 56.109, 451.675
514, 366.798, 102.972, 56.131, 453.147
515, 366.798, 102.972, 56.131, 453.147
516, 367.719, 102.972, 56.189, 454.41
517, 367.819, 103.975, 56.189, 454.553
518, 368.124, 103.975, 56.231, 455.329
519, 369.267, 103.975, 56.252, 455.648
520, 369.267, 103.975, 56.252, 455.648
521, 370.19, 103.975, 56.308, 456.229
522, 370.208, 104.97, 58.082, 456.311
523, 374.882, 104.97, 58.328, 461.408
524, 375.431, 104.97, 58.353, 462.806
525, 375.999, 104.97, 58.375, 464.347
526, 375.999, 104.97, 58.375, 464.347
527, 376.766, 104.97, 58.375, 464.347
528, 376.781, 105.971, 58.375, 464.347
529, 377.186, 105.971, 58.416, 465.022
530, 377.683, 105.971, 58.453, 465.503
531, 378.213, 105.971, 58.494, 466.659
532, 378.213, 105.971, 58.494, 466.659
533, 379.36, 105.971, 58.534, 468.438
534, 379.437, 106.969, 60.166, 468.547
535, 380.464, 106.969, 60.185, 469.528
536, 381.64, 106.969, 60.201, 471.249
537, 382.312, 106.969, 60.235, 471.652
538, 382.312, 106.969, 60.235, 471.652
539, 383.015, 106.969, 60.235, 471.652
540, 383.518, 107.969, 60.235, 471.652
541, 384.029, 107.969, 60.235, 471.652
542, 384.624, 107.969, 60.286, 472.126
543, 385.474, 107.969, 60.322, 473.612
544, 385.474, 107.969, 60.322, 473.612
545, 386.607, 107.969, 60.322, 473.612
546, 387.533, 108.974, 60.357, 475.455
547, 388.494, 108.974, 60.414, 477.68
548, 389.555, 108.974, 60.433, 478.678
549, 390.014, 108.974, 60.542, 479.35
550, 390.014, 108.974, 60.542, 479.35
551, 391, 108.974, 60.628, 482.604
552, 391.572, 109.97, 60.681, 483.556
553, 392.731, 109.97, 60.681, 483.556
554, 393.363, 109.97, 60.681, 483.556
555, 393.363, 109.97, 60.681, 483.556
556, 394.028, 109.97, 60.681, 483.556
557, 394.593, 110.969, 60.695, 484.338
558, 395.878, 110.969, 60.736, 486.778
559, 396.183, 110.969, 60.796, 488.816
560, 396.183, 110.969, 60.796, 488.816
561, 397.143, 110.969, 60.816, 490.879
562, 398.087, 111.969, 60.845, 491.998
563, 399.098, 111.969, 60.865, 492.938
564, 400.124, 111.969, 60.882, 493.843
565, 400.124, 111.969, 60.882, 493.843
566, 400.563, 111.969, 60.882, 493.843
567, 401.194, 112.97, 60.9, 495.018
568, 404.028, 112.97, 61.073, 497.171
569, 404.561, 112.97, 61.098, 498.134
570, 405.201, 112.97, 61.155, 499.103
571, 405.201, 112.97, 61.155, 499.103
572, 406.591, 112.97, 61.155, 499.103
573, 407.631, 113.975, 61.18, 499.702
574, 408.845, 113.975, 61.209, 500.604
575, 409.908, 113.975, 61.273, 501.756
576, 409.908, 113.975, 61.273, 501.756
577, 410.592, 113.975, 61.273, 501.756
578, 411.296, 114.97, 61.296, 503.03
579, 412.504, 114.97, 61.319, 505.862
580, 413.169, 114.97, 61.341, 506.641
581, 414.024, 114.97, 61.361, 507.539
582, 414.024, 114.97, 61.361, 507.539
583, 414.768, 114.97, 61.382, 511.377
584, 415.643, 115.969, 61.408, 512.374
585, 416.862, 115.969, 61.453, 513.689
586, 417.599, 115.969, 61.506, 514.713
587, 417.599, 115.969, 61.506, 514.713
588, 418.642, 115.969, 61.524, 515.412
589, 419.349, 116.974, 61.589, 516.205
590, 421.082, 116.974, 61.642, 518.088
591, 421.12, 116.974, 61.769, 518.485
592, 421.405, 116.974, 61.813, 519.441
593, 421.405, 116.974, 61.813, 519.441
594, 422.043, 116.974, 61.83, 520.185
595, 422.688, 117.97, 61.871, 521.183
596, 423.512, 117.97, 62.005, 522.834
597, 423.62, 117.97, 63.081, 523.215
598, 424.201, 117.97, 63.146, 524.133
599, 424.201, 117.97, 63.146, 524.133
600, 425.251, 117.97, 63.146, 524.133
601, 425.928, 118.97, 63.165, 524.751
602, 426.941, 118.97, 63.18, 525.572
603, 428.013, 118.97, 63.219, 526.537
604, 428.013, 118.97, 63.219, 526.537
605, 428.674, 118.97, 63.219, 526.537
606, 429.747, 119.97, 63.245, 528.079
607, 431.168, 119.97, 63.291, 528.372
608, 432.412, 119.97, 63.378, 529.468
609, 433.748, 119.97, 63.431, 530.29
610, 433.748, 119.97, 63.431, 530.29
611, 434.151, 119.97, 63.431, 530.29
612, 434.684, 120.97, 63.431, 530.29
613, 435.531, 120.97, 63.485, 532.574
614, 436.491, 120.97, 63.528, 533.111
615, 437.476, 120.97, 63.62, 534.145
616, 437.476, 120.97, 63.62, 534.145
617, 438.215, 120.97, 63.62, 538.887
618, 438.785, 121.969, 63.645, 540.821
619, 439.389, 121.969, 63.645, 540.821
620, 440.323, 121.969, 63.665, 541.354
621, 440.323, 121.969, 63.665, 541.354
622, 440.525, 121.969, 64.205, 541.653
623, 441.251, 122.969, 64.246, 542.49
624, 442.21, 122.969, 64.246, 544.927
625, 443.25, 122.969, 64.306, 545.912
626, 443.25, 122.969, 64.306, 545.912
627, 443.847, 122.969, 64.306, 546.811
628, 444.807, 123.969, 64.349, 547.948
629, 447.678, 123.969, 64.522, 551.157
630, 448.156, 123.969, 64.586, 551.313
631, 448.496, 123.969, 64.621, 552.615
632, 448.496, 123.969, 64.621, 552.615
633, 448.502, 123.969, 64.621, 552.615
634, 449.47, 124.97, 64.668, 553.372
635, 450.919, 124.97, 64.668, 553.372
636, 452.013, 124.97, 64.789, 554.209
637, 452.013, 124.97, 64.789, 554.209
638, 452.164, 124.97, 66.648, 554.231
639, 452.642, 125.971, 66.679, 555.072
640, 453.597, 125.971, 66.736, 557.72
641, 454.314, 125.971, 66.805, 558.654
642, 454.314, 125.971, 66.805, 558.654
643, 455.631, 125.971, 66.847, 559.896
644, 456.525, 126.971, 66.895, 561.329
645, 458.797, 126.971, 66.992, 562.635
646, 459.702, 126.971, 66.992, 562.635
647, 460.703, 126.971, 67.033, 563.633
648, 460.703, 126.971, 67.033, 563.633
649, 461.906, 126.971, 67.033, 563.633
650, 462.363, 127.971, 67.055, 563.876
651, 463.001, 127.971, 67.156, 566.311
652, 463.655, 127.971, 67.23, 568.194
653, 464.484, 127.971, 67.29, 568.812
654, 464.484, 127.971, 67.29, 568.812
655, 465.465, 127.971, 67.327, 570.432
656, 466.045, 128.969, 67.382, 572.051
657, 466.489, 128.969, 67.443, 572.888
658, 467.852, 128.969, 67.443, 572.888
659, 468.534, 128.969, 67.489, 574.143
660, 468.534, 128.969, 67.489, 574.143
661, 469.145, 128.969, 67.489, 574.143
662, 469.967, 129.971, 67.514, 574.606
663, 470.349, 129.971, 67.55, 575.629
664, 471.189, 129.971, 67.55, 575.629
665, 472.436, 129.971, 67.617, 576.66
666, 472.436, 129.971, 67.617, 576.66
667, 472.867, 129.971, 67.68, 579.122
668, 474.044, 130.969, 67.719, 580.457
669, 474.354, 130.969, 67.87, 583.328
670, 474.996, 130.969, 67.916, 584.286
671, 474.996, 130.969, 67.916, 584.286
672, 475.281, 130.969, 68.035, 584.981
673, 475.653, 131.972, 68.068, 586.106
674, 475.754, 131.972, 69.423, 586.873
675, 476.404, 131.972, 69.447, 587.43
676, 477.564, 131.972, 69.521, 588.313
677, 477.564, 131.972, 69.521, 588.313
678, 477.74, 131.972, 69.617, 589.017
679, 478.261, 132.97, 69.644, 589.277
680, 478.612, 132.97, 69.844, 589.616
681, 479.667, 132.97, 69.844, 589.616
682, 480.345, 132.97, 69.88, 590.382
683, 480.345, 132.97, 69.88, 590.382
684, 480.373, 132.97, 71.25, 590.411
685, 480.908, 133.97, 71.298, 591.795
686, 481.691, 133.97, 71.317, 593.951
687, 482.194, 133.97, 71.317, 593.951
688, 482.194, 133.97, 71.317, 593.951
689, 482.214, 133.97, 71.363, 594.084
690, 483.545, 134.97, 71.425, 595.386
691, 484.272, 134.97, 71.425, 595.386
692, 485.109, 134.97, 71.492, 597.361
693, 485.109, 134.97, 71.492, 597.361
694, 485.261, 134.97, 72.727, 597.511
695, 486.056, 135.97, 72.786, 597.791
696, 490.022, 135.97, 72.979, 601.077
697, 490.332, 135.97, 73.089, 603.107
698, 491.322, 135.97, 73.144, 604.187
699, 491.322, 135.97, 73.144, 604.187
700, 492.333, 135.97, 73.17, 605.542
701, 492.8, 136.969, 73.22, 606.911
702, 492.86, 136.969, 73.903, 607.428
703, 493.221, 136.969, 73.964, 608.209
704, 493.221, 136.969, 73.964, 608.209
705, 494.365, 136.969, 73.964, 608.209
706, 495.099, 137.971, 73.964, 608.209
707, 498.075, 137.971, 74.043, 608.697
708, 498.116, 137.971, 74.821, 608.925
709, 498.72, 137.971, 74.884, 609.962
710, 498.72, 137.971, 74.884, 609.962
711, 499.215, 137.971, 74.884, 609.962
712, 499.829, 138.969, 74.884, 609.962
713, 500.533, 138.969, 74.884, 609.962
714, 501.123, 138.969, 74.949, 611.003
715, 501.123, 138.969, 74.949, 611.003
716, 502.217, 138.969, 74.982, 613.668
717, 503.305, 139.969, 75.029, 616.541
718, 504.457, 139.969, 75.053, 618.236
719, 505.173, 139.969, 75.073, 618.732
720, 505.173, 139.969, 75.073, 618.732
721, 505.873, 139.969, 75.088, 620.013
722, 506.26, 140.97, 75.13, 620.851
723, 506.814, 140.97, 75.13, 620.851
724, 507.49, 140.97, 75.172, 622.068
725, 507.49, 140.97, 75.172, 622.068
726, 508.166, 140.97, 75.188, 622.712
727, 509.213, 141.97, 75.233, 624.047
728, 509.856, 141.97, 75.251, 625.585
729, 510.508, 141.97, 75.273, 625.884
730, 510.508, 141.97, 75.273, 625.884
731, 510.901, 141.97, 75.297, 626.564
732, 511.687, 142.971, 75.297, 626.564
733, 519.58, 142.971, 75.58, 631.978
734, 520.539, 142.971, 75.58, 631.978
735, 522.053, 142.971, 75.638, 633.299
736, 522.053, 142.971, 75.638, 633.299
737, 522.951, 142.971, 75.657, 634.176
738, 523.586, 143.969, 75.696, 635.698
739, 524.435, 143.969, 75.696, 638.418
740, 525.113, 143.969, 75.764, 639.668
741, 525.113, 143.969, 75.764, 639.668
742, 525.512, 143.969, 75.821, 640.853
743, 526.309, 144.97, 75.838, 642.333
744, 529.37, 144.97, 75.862, 644.89
745, 530.053, 144.97, 75.883, 644.89
746, 530.667, 144.97, 75.945, 645.587
747, 530.667, 144.97, 75.945, 645.587
748, 531.49, 144.97, 75.945, 645.587
749, 533.024, 145.969, 75.988, 646.005
750, 533.905, 145.969, 76.05, 647.925
751, 534.792, 145.969, 76.089, 649.249
752, 534.792, 145.969, 76.089, 649.249
753, 535.291, 145.969, 76.105, 651.414
754, 536.108, 146.97, 76.105, 651.414
755, 537.281, 146.97, 76.132, 651.692
756, 537.282, 146.97, 76.132, 651.692
757, 537.282, 146.97, 76.132, 651.692
758, 538.414, 146.97, 76.132, 651.692
759, 539.356, 147.969, 76.17, 653.554
760, 540.253, 147.969, 76.193, 654.465
761, 540.398, 147.969, 77.917, 654.465
762, 540.398, 147.969, 77.917, 654.465
763, 540.964, 147.969, 77.917, 654.465
764, 541.665, 148.969, 77.94, 655.464
765, 541.908, 148.969, 77.986, 656.98
766, 542.947, 148.969, 78.035, 658.175
767, 542.947, 148.969, 78.035, 658.175
768, 544.374, 148.969, 78.052, 660.815
769, 545.017, 149.971, 78.113, 662.115
770, 552.664, 149.971, 78.317, 666.166
771, 553.477, 149.971, 78.317, 666.166
772, 554.128, 149.971, 78.346, 666.738
773, 554.128, 149.971, 78.346, 666.738
774, 554.857, 149.971, 78.365, 668.259
775, 555.871, 150.969, 78.389, 668.856
776, 557.06, 150.969, 78.389, 668.856
777, 558.394, 150.969, 78.41, 670.532
778, 558.97, 150.969, 78.43, 671.32
779, 558.97, 150.969, 78.43, 671.32
780, 559.403, 150.969, 78.447, 671.523
781, 560.363, 151.969, 78.469, 672.642
782, 561.204, 151.969, 78.487, 674.043
783, 562.212, 151.969, 78.529, 675.361
784, 562.212, 151.969, 78.529, 675.361
785, 562.406, 151.969, 78.529, 676.804
786, 562.914, 152.97, 78.576, 677.676
787, 563.361, 152.97, 78.801, 678.534
788, 564.706, 152.97, 78.823, 679.795
789, 564.706, 152.97, 78.823, 679.795
790, 564.709, 152.97, 78.823, 679.795
791, 565.7, 153.97, 78.847, 680.792
792, 565.999, 153.97, 79.009, 680.868
793, 566.73, 153.97, 79.009, 680.868
794, 566.73, 153.97, 79.009, 680.868
795, 567.451, 153.97, 80.622, 681.554
796, 568.055, 154.972, 80.665, 682.251
797, 573.801, 154.972, 80.857, 687.96
798, 574.486, 154.972, 80.898, 689.619
799, 575.413, 154.972, 80.898, 689.619
800, 575.413, 154.972, 80.898, 689.619
801, 576.539, 154.972, 80.92, 690.82
802, 577.639, 155.971, 80.92, 690.82
803, 579.064, 155.971, 80.982, 691.398
804, 579.622, 155.971, 80.998, 692.001
805, 580.539, 155.971, 81.034, 695.024
806, 580.539, 155.971, 81.034, 695.024
807, 581.214, 155.971, 81.055, 695.024
808, 581.818, 156.969, 81.055, 695.024
809, 583.363, 156.969, 81.108, 696.132
810, 584.621, 156.969, 81.151, 696.989
811, 585.074, 156.969, 81.17, 697.269
812, 585.074, 156.969, 81.17, 697.269
813, 585.555, 156.969, 81.17, 697.269
814, 587.009, 157.969, 81.17, 697.269
815, 588.511, 157.969, 81.208, 698.309
816, 589.048, 157.969, 81.256, 699.646
817, 589.301, 157.969, 81.305, 700.821
818, 589.301, 157.969, 81.305, 700.821
819, 590.361, 157.969, 81.347, 703.575
820, 591.03, 158.97, 81.347, 703.575
821, 592.637, 158.97, 81.415, 704.588
822, 593.549, 158.97, 81.415, 704.588
823, 594.361, 158.97, 81.415, 704.588
824, 594.361, 158.97, 81.415, 704.588
825, 595.042, 158.97, 81.457, 705.586
826, 595.843, 159.973, 81.499, 711.343
827, 597.383, 159.973, 81.499, 711.343
828, 597.966, 159.973, 81.525, 713.317
829, 598.802, 159.973, 81.543, 715.034
830, 598.802, 159.973, 81.543, 715.034
831, 599.825, 159.973, 81.561, 715.755
832, 600.708, 160.969, 81.601, 716.67
833, 602.017, 160.969, 81.601, 716.67
834, 603.009, 160.969, 81.641, 717.764
835, 603.985, 160.969, 81.663, 719.49
836, 603.985, 160.969, 81.663, 719.49
837, 605.363, 160.969, 81.663, 719.49
838, 605.823, 161.969, 81.681, 720.177
839, 606.942, 161.969, 81.681, 720.177
840, 607.401, 161.969, 81.727, 721.018
841, 607.947, 161.969, 81.789, 721.871
842, 607.947, 161.969, 81.789, 721.871
843, 608.71, 161.969, 81.789, 721.871
844, 609.668, 162.972, 81.808, 722.547
845, 611.131, 162.972, 81.849, 726.287
846, 611.88, 162.972, 81.872, 726.74
847, 612.611, 162.972, 81.933, 727.559
848, 612.611, 162.972, 81.933, 727.559
849, 613.442, 162.972, 81.933, 727.559
850, 613.884, 163.969, 81.933, 727.559
851, 615.472, 163.969, 81.933, 727.559
852, 616.418, 163.969, 81.972, 728.94
853, 617.142, 163.969, 82.018, 729.895
854, 617.142, 163.969, 82.018, 729.895
855, 617.67, 163.969, 82.055, 733.817
856, 618.89, 164.973, 82.082, 735.84
857, 619.594, 164.973, 82.104, 736.777
858, 620.594, 164.973, 82.162, 737.696
859, 620.594, 164.973, 82.162, 737.696
860, 621.907, 164.973, 82.271, 738.967
861, 622.576, 165.969, 82.332, 740.319
862, 625.758, 165.969, 82.525, 743.064
863, 626.726, 165.969, 82.525, 743.064
864, 627.38, 165.969, 82.544, 743.704
865, 627.38, 165.969, 82.544, 743.704
866, 627.901, 165.969, 82.544, 743.704
867, 628.441, 166.969, 82.583, 744.882
868, 630.011, 166.969, 82.583, 744.882
869, 630.326, 166.969, 82.601, 746.642
870, 631.355, 166.969, 82.624, 747.787
871, 631.355, 166.969, 82.624, 747.787
872, 632.17, 166.969, 82.624, 747.787
873, 632.701, 167.969, 82.624, 747.787
874, 632.736, 167.969, 82.624, 748.387
875, 633.348, 167.969, 82.624, 748.387
876, 633.348, 167.969, 82.624, 748.387
877, 633.719, 167.969, 82.662, 750.87
878, 634.761, 168.969, 82.686, 752.352
879, 637.168, 168.969, 82.792, 755.349
880, 637.217, 168.969, 84.521, 755.482
881, 638.878, 168.969, 84.562, 757.855
882, 638.878, 168.969, 84.562, 757.855
883, 639.552, 168.969, 84.6, 759.356
884, 640.346, 169.972, 84.654, 760.316
885, 641.052, 169.972, 84.69, 761.507
886, 641.871, 169.972, 84.733, 761.867
887, 642.642, 169.972, 84.733, 761.867
888, 642.642, 169.972, 84.733, 761.867
889, 643.24, 169.972, 84.733, 761.867
890, 644.01, 170.971, 84.755, 762.487
891, 644.939, 170.971, 84.842, 763.135
892, 645.83, 170.971, 84.878, 764.694
893, 646.979, 170.971, 84.878, 764.694
894, 646.979, 170.971, 84.878, 764.694
895, 647.465, 170.971, 84.878, 764.694
896, 648.34, 171.969, 84.878, 764.694
897, 648.93, 171.969, 84.914, 765.318
898, 649.677, 171.969, 85.029, 768.201
899, 649.677, 171.969, 85.029, 768.201
900, 650.469, 171.969, 85.029, 771.201
901, 651.136, 172.972, 85.029, 771.201
902, 652.751, 172.972, 85.092, 772.817
903, 653.782, 172.972, 85.16, 774.096
904, 653.861, 172.972, 85.404, 774.813
905, 653.861, 172.972, 85.404, 774.813
906, 655.136, 172.972, 85.489, 775.469
907, 656.673, 173.972, 85.544, 778.934
908, 657.565, 173.972, 85.564, 780.151
909, 658.327, 173.972, 85.564, 780.151
910, 659.023, 173.972, 85.643, 781.033
911, 659.023, 173.972, 85.643, 781.033
912, 659.621, 173.972, 85.672, 781.846
913, 660.305, 174.973, 85.739, 782.645
914, 661.012, 174.973, 85.796, 783.887
915, 661.461, 174.973, 85.813, 785.543
916, 662.903, 174.973, 85.834, 786.462
917, 662.903, 174.973, 85.834, 786.462
918, 664.242, 174.973, 85.877, 787.397
919, 665.157, 175.97, 85.943, 788.467
920, 666.111, 175.97, 85.961, 789.491
921, 667.052, 175.97, 85.961, 789.491
922, 667.592, 175.97, 85.987, 789.949
923, 667.592, 175.97, 85.987, 789.949
924, 667.981, 175.97, 86.028, 791.147
925, 668.91, 176.969, 86.028, 791.147
926, 669.559, 176.969, 86.028, 791.147
927, 669.605, 176.969, 86.028, 792.568
928, 670.627, 176.969, 86.048, 794.203
929, 670.627, 176.969, 86.048, 794.203
930, 671.249, 176.969, 86.048, 794.203
931, 672.263, 177.969, 86.048, 794.203
932, 672.303, 177.969, 87.833, 794.262
933, 672.573, 177.969, 88.178, 794.916
934, 672.573, 177.969, 88.178, 794.916
935, 673.56, 177.969, 88.215, 796.802
936, 674.111, 178.974, 88.237, 799.341
937, 676.124, 178.974, 88.374, 802.164
938, 677.063, 178.974, 88.416, 802.777
939, 677.116, 178.974, 89.065, 803.09
940, 677.116, 178.974, 89.065, 803.09
941, 677.476, 178.974, 89.126, 803.807
942, 678.514, 179.972, 89.146, 805.265
943, 679.226, 179.972, 89.164, 806.408
944, 680.004, 179.972, 89.185, 807.227
945, 680.004, 179.972, 89.185, 807.227
946, 681.332, 179.972, 89.185, 807.227
947, 681.341, 180.969, 89.185, 807.227
948, 682.382, 180.969, 89.185, 807.227
949, 683.511, 180.969, 89.211, 808.385
950, 683.511, 180.969, 89.211, 808.385
951, 684.723, 180.969, 89.244, 810.184
952, 684.743, 181.97, 90.981, 810.287
953, 687.423, 181.97, 91.023, 811.923
954, 688.335, 181.97, 91.061, 813.524
955, 689.125, 181.97, 91.099, 813.703
956, 689.125, 181.97, 91.099, 813.703
957, 689.851, 181.97, 91.124, 815.03
958, 689.912, 182.971, 92.3, 815.237
959, 690.688, 182.971, 92.3, 815.237
960, 691.574, 182.971, 92.339, 816.098
961, 691.985, 182.971, 92.398, 817.717
962, 691.985, 182.971, 92.398, 817.717
963, 693.125, 182.971, 92.42, 818.634
964, 693.141, 183.973, 93.477, 818.634
965, 693.843, 183.973, 93.489, 821.343
966, 694.735, 183.973, 93.546, 822.946
967, 695.598, 183.973, 93.574, 823.986
968, 695.598, 183.973, 93.574, 823.986
969, 696.27, 183.973, 93.607, 824.85
970, 696.502, 184.969, 93.859, 825.576
971, 696.886, 184.969, 93.987, 826.708
972, 697.782, 184.969, 94.008, 826.951
973, 698.213, 184.969, 94.088, 827.724
974, 698.213, 184.969, 94.088, 827.724
975, 699.633, 184.969, 94.109, 828.663
976, 700.821, 185.969, 94.133, 829.223
977, 701.515, 185.969, 94.145, 830.331
978, 702.206, 185.969, 94.183, 831.991
979, 702.787, 185.969, 94.227, 832.911
980, 702.787, 185.969, 94.227, 832.911
981, 703.411, 185.969, 94.264, 833.974
982, 704.372, 186.969, 94.286, 835.212
983, 704.777, 186.969, 94.286, 835.212
984, 705.673, 186.969, 94.309, 836.07
985, 705.681, 186.969, 94.309, 836.07
986, 705.681, 186.969, 94.309, 836.07
987, 707.016, 186.969, 94.348, 837.391
988, 707.602, 187.971, 94.348, 837.391
989, 708.183, 187.971, 94.408, 839.412
990, 708.599, 187.971, 94.443, 840.517
991, 708.646, 187.971, 96.422, 840.555
992, 708.646, 187.971, 96.422, 840.555
993, 709.358, 187.971, 96.422, 840.555
994, 710.464, 188.969, 96.422, 840.555
995, 711.39, 188.969, 96.444, 841.034
996, 712.244, 188.969, 96.444, 841.034
997, 712.904, 188.969, 96.513, 841.785
998, 712.904, 188.969, 96.513, 841.785
999, 713.265, 188.969, 96.576, 843.065
1000, 714.053, 189.975, 96.595, 846.063
1001, 715.261, 189.975, 96.66, 847.437
1002, 715.766, 189.975, 96.741, 849.218
1003, 716.821, 189.975, 96.741, 849.218
1004, 716.821, 189.975, 96.741, 849.218
1005, 717.4, 189.975, 96.741, 850.477
1006, 718.376, 190.971, 96.741, 850.477
1007, 719.088, 190.971, 96.807, 851.65
1008, 720.433, 190.971, 96.847, 852.146
1009, 720.964, 190.971, 96.908, 854.165
1010, 720.964, 190.971, 96.908, 854.165
1011, 720.976, 190.971, 96.908, 854.165
1012, 721.487, 191.969, 96.968, 855.584
1013, 722.12, 191.969, 96.968, 856.584
1014, 722.705, 191.969, 96.968, 856.584
1015, 723.145, 191.969, 97.027, 857.685
1016, 723.145, 191.969, 97.027, 857.685
1017, 723.193, 191.969, 99.141, 858.009
1018, 723.974, 192.97, 99.141, 858.009
1019, 724.649, 192.97, 99.214, 858.837
1020, 725.819, 192.97, 99.234, 860.679
1021, 725.838, 192.97, 99.234, 860.679
1022, 725.838, 192.97, 99.234, 860.679
1023, 726.087, 192.97, 99.234, 860.679
1024, 726.569, 193.969, 99.251, 862.684
1025, 727.186, 193.969, 99.251, 862.684
1026, 727.936, 193.969, 99.276, 863.902
1027, 728.453, 193.969, 100.625, 863.913
1028, 728.453, 193.969, 100.625, 863.913
1029, 728.967, 193.969, 100.625, 863.913
1030, 729.733, 194.969, 100.673, 865.045
1031, 731.016, 194.969, 100.673, 865.045
1032, 731.832, 194.969, 100.673, 865.045
1033, 733.258, 194.969, 100.715, 866.802
1034, 733.258, 194.969, 100.715, 866.802
1035, 734.546, 194.969, 100.715, 866.802
1036, 735.281, 195.971, 100.715, 866.802
1037, 735.842, 195.971, 100.761, 869.715
1038, 736.723, 195.971, 100.761, 869.715
1039, 737.415, 195.971, 100.801, 870.117
1040, 737.415, 195.971, 100.801, 870.117
1041, 737.863, 195.971, 100.822, 873.936
1042, 738.513, 196.969, 100.839, 875.457
1043, 739.369, 196.969, 100.857, 878.233
1044, 740.312, 196.969, 100.918, 879.71
1045, 740.312, 196.969, 100.918, 879.71
1046, 740.71, 196.969, 100.918, 879.71
1047, 741.905, 197.971, 100.958, 880.792
1048, 743.235, 197.971, 101.023, 882.688
1049, 744.225, 197.971, 101.087, 884.384
1050, 745.154, 197.971, 101.148, 885.321
1051, 745.154, 197.971, 101.148, 885.321
1052, 745.242, 197.971, 101.148, 886.621
1053, 745.667, 198.969, 101.148, 886.621
1054, 746.426, 198.969, 101.17, 887.582
1055, 746.72, 198.969, 101.271, 888.123
1056, 746.72, 198.969, 101.271, 888.123
1057, 746.808, 198.969, 102.853, 888.142
1058, 747.477, 199.969, 102.881, 890.159
1059, 748.975, 199.969, 102.921, 891.678
1060, 749.31, 199.969, 102.921, 891.678
1061, 750.132, 199.969, 102.921, 891.678
1062, 750.132, 199.969, 102.921, 891.678
1063, 751.024, 199.969, 102.939, 892.779
1064, 751.037, 200.97, 102.939, 893.556
1065, 751.385, 200.97, 103.021, 894.98
1066, 752.572, 200.97, 103.044, 896.6
1067, 753.121, 200.97, 103.1, 898.922
1068, 753.121, 200.97, 103.1, 898.922
1069, 754.081, 200.97, 103.123, 899.961
1070, 754.107, 201.973, 104.962, 900.04
1071, 755.12, 201.973, 104.98, 900.314
1072, 756.372, 201.973, 104.999, 901.652
1073, 756.868, 201.973, 105.195, 902.383
1074, 756.868, 201.973, 105.195, 902.383
1075, 757.369, 201.973, 105.214, 903.282
1076, 758.196, 202.969, 105.231, 903.705
1077, 759.024, 202.969, 105.289, 904.73
1078, 759.752, 202.969, 105.33, 904.989
1079, 760.57, 202.969, 105.4, 905.574
1080, 760.57, 202.969, 105.4, 905.574
1081, 761.65, 202.969, 105.4, 905.574
1082, 763.447, 203.969, 105.423, 906.571
1083, 764.598, 203.969, 105.465, 907.768
1084, 765.835, 203.969, 105.49, 908.826
1085, 766.963, 203.969, 105.537, 909.499
1086, 766.963, 203.969, 105.537, 909.499
1087, 767.509, 203.969, 105.537, 909.499
1088, 768.233, 204.969, 105.578, 910.478
1089, 768.947, 204.969, 105.633, 911.864
1090, 769.604, 204.969, 105.664, 913.369
1091, 770.196, 204.969, 105.696, 914.875
1092, 770.196, 204.969, 105.696, 914.875
1093, 770.876, 204.969, 105.696, 914.875
1094, 771.889, 205.97, 105.696, 914.875
1095, 772.26, 205.97, 105.696, 914.875
1096, 773.271, 205.97, 105.696, 914.875
1097, 774.45, 205.97, 105.696, 914.875
1098, 774.45, 205.97, 105.696, 914.875
1099, 774.663, 205.97, 105.696, 918.297
1100, 776.214, 206.971, 105.712, 920.538
1101, 776.897, 206.971, 105.712, 922.68
1102, 777.207, 206.971, 105.733, 924.486
1103, 777.207, 206.971, 105.733, 924.486
1104, 777.216, 206.971, 107.454, 924.503
1105, 778.42, 207.97, 107.49, 925.407
1106, 779.966, 207.97, 107.585, 928.232
1107, 779.985, 207.97, 107.585, 928.232
1108, 780.13, 207.97, 108.44, 928.612
1109, 780.13, 207.97, 108.44, 928.612
1110, 780.918, 207.97, 108.524, 928.635
1111, 781.32, 208.972, 108.565, 929.621
1112, 781.454, 208.972, 109.81, 930.173
1113, 782.68, 208.972, 109.894, 930.95
1114, 782.68, 208.972, 109.894, 930.95
1115, 783.83, 208.972, 109.914, 932.644
1116, 784.363, 209.971, 109.956, 933.862
1117, 784.881, 209.971, 110.017, 934.78
1118, 785.634, 209.971, 110.037, 935.537
1119, 785.634, 209.971, 110.037, 935.537
1120, 786.701, 209.971, 110.037, 935.537
1121, 787.241, 210.969, 110.117, 936.432
1122, 790.438, 210.969, 110.242, 939.325
1123, 791.043, 210.969, 110.259, 940.389
1124, 791.821, 210.969, 110.283, 941.55
1125, 791.821, 210.969, 110.283, 941.55
1126, 792.418, 210.969, 110.304, 943.069
1127, 793.599, 211.97, 110.304, 943.069
1128, 794.593, 211.97, 110.304, 943.069
1129, 795.675, 211.97, 110.304, 943.069
1130, 795.675, 211.97, 110.304, 943.069
1131, 796.462, 211.97, 110.315, 944.677
1132, 797.379, 212.971, 110.382, 946.149
1133, 798.695, 212.971, 110.444, 947.427
1134, 799.512, 212.971, 110.455, 949.175
1135, 800.11, 212.971, 110.508, 951.37
1136, 800.11, 212.971, 110.508, 951.37
1137, 800.941, 212.971, 110.508, 951.37
1138, 801.821, 213.969, 110.508, 951.37
1139, 802.447, 213.969, 110.527, 952.632
1140, 803.612, 213.969, 110.527, 952.632
1141, 803.612, 213.969, 110.527, 952.632
1142, 804.31, 213.969, 110.527, 952.632
1143, 804.79, 214.97, 110.545, 954.338
1144, 806.381, 214.97, 110.545, 954.338
1145, 807.04, 214.97, 110.567, 955.746
1146, 807.04, 214.97, 110.567, 955.746
1147, 808.064, 214.97, 110.567, 955.746
1148, 808.622, 215.971, 110.589, 957.243
1149, 809.801, 215.971, 110.589, 957.243
1150, 810.967, 215.971, 110.62, 958.749
1151, 810.967, 215.971, 110.62, 958.749
1152, 811.35, 215.971, 110.62, 958.749
1153, 812.379, 216.969, 110.639, 959.732
1154, 814.121, 216.969, 110.902, 964.012
1155, 814.803, 216.969, 110.918, 966.501
1156, 815.541, 216.969, 110.937, 967.024
1157, 815.541, 216.969, 110.937, 967.024
1158, 816.234, 216.969, 110.937, 971.945
1159, 817.26, 217.974, 110.937, 971.945
1160, 817.295, 217.974, 112.017, 972.103
1161, 817.725, 217.974, 112.052, 973.422
1162, 818.356, 217.974, 112.09, 974.583
1163, 818.356, 217.974, 112.09, 974.583
1164, 818.366, 217.974, 112.09, 974.583
1165, 818.881, 218.969, 112.129, 976.723
1166, 818.92, 218.969, 112.646, 977.026
1167, 820.115, 218.969, 112.714, 978.203
1168, 820.522, 218.969, 112.835, 979.182
1169, 820.522, 218.969, 112.835, 979.182
1170, 820.657, 218.969, 114.554, 979.201
1171, 821.115, 219.97, 114.554, 979.737
1172, 821.143, 219.97, 115.156, 979.796
1173, 822.649, 219.97, 115.156, 979.796
1174, 823.38, 219.97, 115.175, 980.977
1175, 823.38, 219.97, 115.175, 980.977
1176, 824.695, 219.97, 115.175, 980.977
1177, 824.707, 220.972, 115.175, 980.977
1178, 825.833, 220.972, 115.193, 982.717
1179, 825.994, 220.972, 115.613, 983.26
1180, 825.994, 220.972, 115.613, 983.26
1181, 827.575, 220.972, 115.67, 985.284
1182, 828.003, 221.97, 117.468, 985.547
1183, 829.689, 221.97, 118.149, 987.388
1184, 831.204, 221.97, 118.2, 987.843
1185, 831.666, 221.97, 118.2, 987.843
1186, 831.666, 221.97, 118.2, 987.843
1187, 832.314, 221.97, 118.225, 989.103
1188, 833.078, 222.969, 118.247, 990.562
1189, 834.587, 222.969, 118.247, 990.562
1190, 835.931, 222.969, 118.288, 992.357
1191, 835.931, 222.969, 118.288, 992.357
1192, 836.488, 222.969, 118.288, 992.357
1193, 837.426, 223.97, 118.309, 992.538
1194, 838.983, 223.97, 118.309, 992.538
1195, 839.336, 223.97, 118.362, 993.385
1196, 839.336, 223.97, 118.362, 993.385
1197, 840.811, 223.97, 118.362, 995.399
1198, 841.638, 224.969, 118.362, 995.399
1199, 843.161, 224.969, 118.379, 998.994
1200, 843.719, 224.969, 118.477, 999.816
1201, 843.719, 224.969, 118.477, 999.816
1202, 844.644, 224.969, 118.497, 999.816
1203, 845.409, 225.973, 118.52, 1002.02
1204, 846.997, 225.973, 118.52, 1002.02
1205, 847.976, 225.973, 118.547, 1003.06
1206, 847.976, 225.973, 118.547, 1003.06
1207, 848.726, 225.973, 118.569, 1004.52
1208, 849.755, 226.97, 118.569, 1004.52
1209, 854.41, 226.97, 118.692, 1008.6
1210, 855.976, 226.97, 118.715, 1009.75
1211, 856.664, 226.97, 118.734, 1010.77
1212, 856.664, 226.97, 118.734, 1010.77
1213, 858.057, 226.97, 118.734, 1010.77
1214, 858.828, 227.971, 118.734, 1010.77
1215, 859.35, 227.971, 118.734, 1010.77
1216, 860.777, 227.971, 118.734, 1010.77
1217, 861.552, 227.971, 118.789, 1011.85
1218, 861.552, 227.971, 118.789, 1011.85
1219, 862.334, 227.971, 118.789, 1011.85
1220, 863.09, 228.972, 118.789, 1011.85
1221, 863.822, 228.972, 118.789, 1011.85
1222, 865.378, 228.972, 118.806, 1014.73
1223, 865.769, 228.972, 118.828, 1015.31
1224, 865.769, 228.972, 118.828, 1015.31
1225, 866.409, 228.972, 118.848, 1018.13
1226, 867.218, 229.97, 118.889, 1022
1227, 868.314, 229.97, 118.889, 1022
1228, 869.912, 229.97, 118.909, 1022.95
1229, 870.509, 229.97, 118.97, 1024.11
1230, 870.509, 229.97, 118.97, 1024.11
1231, 871.281, 229.97, 118.97, 1024.11
1232, 871.713, 230.973, 118.985, 1025.01
1233, 872.254, 230.973, 119.068, 1029.6
1234, 873.004, 230.973, 119.068, 1029.6
1235, 874.214, 230.973, 119.087, 1030.92
1236, 874.214, 230.973, 119.087, 1030.92
1237, 875.316, 230.973, 119.108, 1033.54
1238, 875.665, 231.969, 119.126, 1034.72
1239, 876.251, 231.969, 119.15, 1035.82
1240, 877.715, 231.969, 119.169, 1037.66
1241, 878.859, 231.969, 119.211, 1038.3
1242, 878.859, 231.969, 119.211, 1038.3
1243, 879.221, 231.969, 119.211, 1038.3
1244, 879.959, 232.971, 119.27, 1039.6
1245, 881.455, 232.971, 119.27, 1039.6
1246, 882.091, 232.971, 119.331, 1040.24
1247, 882.091, 232.971, 119.331, 1040.24
1248, 882.938, 232.971, 119.331, 1040.24
1249, 883.447, 233.969, 119.351, 1040.64
1250, 884.299, 233.969, 119.513, 1042
1251, 885.478, 233.969, 119.534, 1044.2
1252, 886.842, 233.969, 119.554, 1045.46
1253, 886.842, 233.969, 119.554, 1045.46
1254, 886.994, 233.969, 119.583, 1047.95
1255, 888.442, 234.969, 119.6, 1049.61
1256, 889.882, 234.969, 119.6, 1049.61
1257, 890.46, 234.969, 119.622, 1050.91
1258, 890.46, 234.969, 119.622, 1050.91
1259, 890.493, 234.969, 120.998, 1050.93
1260, 891.539, 235.972, 121.016, 1051.6
1261, 891.9, 235.972, 121.404, 1053.33
1262, 893.559, 235.972, 121.404, 1053.33
1263, 893.778, 235.972, 121.43, 1053.88
1264, 893.778, 235.972, 121.43, 1053.88
1265, 894.51, 235.972, 121.43, 1053.88
1266, 895.255, 236.969, 121.43, 1053.88
1267, 896.19, 236.969, 121.49, 1055.12
1268, 897.877, 236.969, 121.514, 1057.96
1269, 898.455, 236.969, 121.552, 1059.14
1270, 898.455, 236.969, 121.552, 1059.14
1271, 899.969, 236.969, 121.573, 1060.84
1272, 900.988, 237.971, 121.573, 1060.84
1273, 901.535, 237.971, 121.636, 1061.74
1274, 902.967, 237.971, 121.656, 1062.27
1275, 903.956, 237.971, 121.676, 1063.45
1276, 903.956, 237.971, 121.676, 1063.45
1277, 904.561, 237.971, 121.676, 1063.45
1278, 905.652, 238.97, 121.676, 1063.45
1279, 906.282, 238.97, 121.712, 1064.18
1280, 907.666, 238.97, 121.732, 1065.74
1281, 907.995, 238.97, 121.774, 1066.22
1282, 907.995, 238.97, 121.774, 1066.22
1283, 909.07, 238.97, 121.774, 1066.22
1284, 909.564, 239.971, 121.813, 1070.22
1285, 910.838, 239.971, 121.831, 1071.38
1286, 912.057, 239.971, 121.89, 1071.71
1287, 912.89, 239.971, 121.931, 1072.86
1288, 912.89, 239.971, 121.931, 1072.86
1289, 913.518, 239.971, 122.05, 1076.1
1290, 914.566, 240.969, 122.068, 1077.3
1291, 915.474, 240.969, 122.082, 1077.71
1292, 917.161, 240.969, 122.082, 1077.71
1293, 917.321, 240.969, 122.517, 1078.52
1294, 917.321, 240.969, 122.517, 1078.52
1295, 917.368, 240.969, 123.101, 1078.89
1296, 918.566, 241.971, 123.101, 1078.89
1297, 920.059, 241.971, 123.148, 1081.39
1298, 920.426, 241.971, 123.195, 1082.04
1299, 920.426, 241.971, 123.195, 1082.04
1300, 920.497, 241.971, 123.433, 1082.83
1301, 921.335, 242.969, 123.48, 1084.98
1302, 922.647, 242.969, 123.522, 1085.82
1303, 923.435, 242.969, 123.586, 1086.59
1304, 923.435, 242.969, 123.586, 1086.59
1305, 923.458, 242.969, 124.206, 1086.63
1306, 923.876, 243.969, 124.283, 1087.54
1307, 925.264, 243.969, 124.283, 1087.54
1308, 926.125, 243.969, 124.321, 1088.79
1309, 926.125, 243.969, 124.321, 1088.79
1310, 926.289, 243.969, 125.033, 1089.11
1311, 926.748, 244.969, 125.077, 1089.76
1312, 932.392, 244.969, 125.179, 1094.4
1313, 933.997, 244.969, 125.219, 1096.12
1314, 934.097, 244.969, 125.219, 1096.42
1315, 934.097, 244.969, 125.219, 1096.42
1316, 935.207, 244.969, 125.24, 1097.47
1317, 935.463, 245.973, 125.257, 1098.67
1318, 937.016, 245.973, 125.257, 1098.67
1319, 937.06, 245.973, 126.979, 1098.69
1320, 937.06, 245.973, 126.979, 1098.69
1321, 937.857, 245.973, 126.979, 1098.69
1322, 937.941, 246.97, 127.721, 1098.77
1323, 939.583, 246.97, 127.721, 1098.77
1324, 940.434, 246.97, 127.742, 1099.25
1325, 940.434, 246.97, 127.742, 1099.25
1326, 941.098, 246.97, 127.742, 1099.25
1327, 942.143, 247.971, 127.742, 1099.25
1328, 943.006, 247.971, 127.742, 1099.25
1329, 943.965, 247.971, 127.742, 1099.25
1330, 943.965, 247.971, 127.742, 1099.25
1331, 945.034, 247.971, 127.742, 1099.25
1332, 946.557, 248.97, 127.742, 1099.25
1333, 952.599, 248.97, 127.814, 1102.62
1334, 953.42, 248.97, 127.903, 1106.76
1335, 954.453, 248.97, 127.903, 1106.76
1336, 954.453, 248.97, 127.903, 1106.76
1337, 954.983, 248.97, 127.903, 1106.76
1338, 955.603, 249.969, 127.903, 1106.76
1339, 957.172, 249.969, 127.903, 1106.76
1340, 958.318, 249.969, 127.903, 1106.76
1341, 959.044, 249.969, 127.914, 1110.16
1342, 959.044, 249.969, 127.914, 1110.16
1343, 960.275, 249.969, 127.955, 1115.32
1344, 961.348, 250.971, 127.955, 1119.62
1345, 962.911, 250.971, 128.013, 1121.82
1346, 963.498, 250.971, 128.013, 1121.82
1347, 963.885, 250.971, 128.036, 1122.42
1348, 963.885, 250.971, 128.036, 1122.42
1349, 964.759, 250.971, 128.051, 1123.11
1350, 965.426, 251.969, 128.082, 1123.69
1351, 966.885, 251.969, 128.158, 1124.89
1352, 967.754, 251.969, 128.175, 1127.37
1353, 968.495, 251.969, 128.191, 1128.46
1354, 968.495, 251.969, 128.191, 1128.46
1355, 968.958, 251.969, 128.25, 1129.38
1356, 970.356, 252.969, 128.301, 1130.71
1357, 970.89, 252.969, 128.342, 1132.05
1358, 971.861, 252.969, 128.386, 1133.41
1359, 971.861, 252.969, 128.386, 1133.41
1360, 972.657, 252.969, 128.424, 1134.73
1361, 973.331, 253.969, 128.467, 1135.23
1362, 976.444, 253.969, 128.536, 1137.11
1363, 977.449, 253.969, 128.589, 1138.35
1364, 978.216, 253.969, 128.634, 1139.37
1365, 978.216, 253.969, 128.634, 1139.37
1366, 979.164, 253.969, 128.634, 1139.37
1367, 979.937, 254.974, 128.658, 1140.8
1368, 980.483, 254.974, 128.658, 1141.56
1369, 981.354, 254.974, 128.743, 1142.55
1370, 981.354, 254.974, 128.743, 1142.55
1371, 981.89, 254.974, 128.765, 1144.19
1372, 982.557, 255.969, 128.799, 1144.32
1373, 982.557, 255.969, 128.799, 1144.32
1374, 983.286, 255.969, 128.866, 1145.25
1375, 983.286, 255.969, 128.866, 1145.25
1376, 984.354, 255.969, 128.866, 1145.25
1377, 985.361, 256.971, 128.866, 1145.25
1378, 990.061, 256.971, 128.968, 1148.11
1379, 990.061, 256.971, 128.968, 1148.11
1380, 990.974, 256.971, 129.004, 1148.65
1381, 990.974, 256.971, 129.004, 1148.65
1382, 991.777, 256.971, 129.026, 1150.85
1383, 992.467, 257.97, 129.067, 1153.31
1384, 992.467, 257.97, 129.067, 1153.31
1385, 993.228, 257.97, 129.067, 1154.73
1386, 993.228, 257.97, 129.067, 1154.73
1387, 994.136, 257.97, 129.123, 1155.73
1388, 995.505, 258.973, 129.123, 1155.73
1389, 995.505, 258.973, 129.123, 1155.73
1390, 995.854, 258.973, 129.179, 1156.25
1391, 995.854, 258.973, 129.179, 1156.25
1392, 996.563, 258.973, 129.179, 1156.25
1393, 997.13, 259.972, 129.227, 1157.99
1394, 997.13, 259.972, 129.227, 1157.99
1395, 997.801, 259.972, 129.27, 1159.05
1396, 997.801, 259.972, 129.27, 1159.05
1397, 999.049, 259.972, 129.27, 1159.05
1398, 1000.14, 260.969, 129.27, 1159.05
1399, 1000.14, 260.969, 129.27, 1159.05
1400, 1000.73, 260.969, 129.293, 1159.62
1401, 1000.73, 260.969, 129.293, 1159.62
1402, 1001.67, 260.969, 129.293, 1159.62
1403, 1003.06, 261.97, 129.293, 1159.62
1404, 1003.06, 261.97, 129.293, 1159.62
1405, 1004.21, 261.97, 129.335, 1160.78
1406, 1004.21, 261.97, 129.335, 1160.78
1407, 1005.33, 261.97, 129.335, 1160.78
1408, 1005.89, 262.969, 129.335, 1160.78
1409, 1015.34, 262.969, 129.529, 1165.36
1410, 1015.34, 262.969, 129.529, 1165.36
1411, 1016.94, 262.969, 129.552, 1166.76
1412, 1016.94, 262.969, 129.552, 1166.76
1413, 1017.92, 262.969, 129.552, 1166.76
1414, 1018.35, 263.969, 129.639, 1170.99
1415, 1018.35, 263.969, 129.639, 1170.99
1416, 1018.95, 263.969, 129.696, 1171.85
1417, 1018.95, 263.969, 129.696, 1171.85
1418, 1019.51, 263.969, 129.715, 1177.5
1419, 1021.09, 264.97, 129.715, 1177.5
1420, 1022.85, 264.97, 129.736, 1180.3
1421, 1022.85, 264.97, 129.736, 1180.3
1422, 1024.12, 264.97, 129.78, 1181.02
1423, 1024.12, 264.97, 129.78, 1181.02
1424, 1025.15, 264.97, 129.78, 1182.46
1425, 1026.02, 265.972, 129.78, 1182.46
1426, 1027.18, 265.972, 129.824, 1183.4
1427, 1027.18, 265.972, 129.824, 1183.4
1428, 1028.78, 265.972, 129.883, 1184.74
1429, 1028.78, 265.972, 129.883, 1184.74
1430, 1029.01, 265.972, 129.919, 1185.3
1431, 1029.86, 266.969, 129.96, 1188.18
1432, 1030.6, 266.969, 129.977, 1189.06
1433, 1030.6, 266.969, 129.977, 1189.06
1434, 1031.06, 266.969, 130.094, 1189.97
1435, 1031.06, 266.969, 130.094, 1189.97
1436, 1031.71, 266.969, 130.111, 1190.87
1437, 1032.34, 267.972, 130.157, 1192
1438, 1033.33, 267.972, 130.195, 1193.44
1439, 1033.33, 267.972, 130.195, 1193.44
1440, 1033.37, 267.972, 130.907, 1193.57
1441, 1033.37, 267.972, 130.907, 1193.57
1442, 1034.22, 267.972, 130.941, 1194.78
1443, 1035.29, 268.97, 130.941, 1194.78
1444, 1035.98, 268.97, 130.957, 1195.5
1445, 1035.98, 268.97, 130.957, 1195.5
1446, 1036.03, 268.97, 131.714, 1195.78
1447, 1036.03, 268.97, 131.714, 1195.78
1448, 1036.62, 268.97, 131.734, 1196.94
1449, 1037.46, 269.969, 131.752, 1198.9
1450, 1038.51, 269.969, 131.771, 1200.09
1451, 1038.51, 269.969, 131.771, 1200.09
1452, 1038.64, 269.969, 131.849, 1201.01
1453, 1038.64, 269.969, 131.849, 1201.01
1454, 1039.16, 269.969, 131.849, 1201.01
1455, 1039.61, 270.969, 131.849, 1201.01
1456, 1040.13, 270.969, 131.886, 1202.19
1457, 1040.13, 270.969, 131.886, 1202.19
1458, 1040.85, 270.969, 131.949, 1203.01
1459, 1040.85, 270.969, 131.949, 1203.01
1460, 1041.36, 270.969, 132.029, 1204.23
1461, 1041.97, 271.971, 132.029, 1205.94
1462, 1041.97, 271.971, 132.029, 1205.94
1463, 1043.31, 271.971, 132.072, 1206.92
1464, 1043.31, 271.971, 132.072, 1206.92
1465, 1043.9, 271.971, 132.072, 1208.1
1466, 1043.91, 272.969, 132.072, 1208.1
1467, 1043.91, 272.969, 132.072, 1208.1
1468, 1044.61, 272.969, 132.213, 1208.94
1469, 1044.61, 272.969, 132.213, 1208.94
1470, 1044.61, 272.969, 132.213, 1208.94
1471, 1044.89, 273.969, 134.002, 1208.97
1472, 1046.42, 273.969, 134.286, 1211.23
1473, 1046.42, 273.969, 134.286, 1211.23
1474, 1047.37, 273.969, 134.333, 1212.22
1475, 1047.37, 273.969, 134.333, 1212.22
1476, 1047.8, 273.969, 136.156, 1212.24
1477, 1049.32, 274.969, 136.213, 1213.64
1478, 1049.83, 274.969, 136.213, 1213.64
1479, 1049.83, 274.969, 136.213, 1213.64
1480, 1050.49, 274.969, 136.26, 1214.77
1481, 1050.49, 274.969, 136.26, 1214.77
1482, 1051.74, 274.969, 136.26, 1214.77
1483, 1052.99, 275.97, 136.26, 1214.77
1484, 1052.99, 275.97, 136.26, 1214.77
1485, 1053.5, 275.97, 136.303, 1215.63
1486, 1053.5, 275.97, 136.303, 1215.63
1487, 1054.06, 275.97, 136.321, 1217.87
1488, 1054.61, 276.972, 136.347, 1219.35
1489, 1055.85, 276.972, 136.687, 1222.47
1490, 1055.85, 276.972, 136.687, 1222.47
1491, 1056.74, 276.972, 136.706, 1223.06
1492, 1056.74, 276.972, 136.706, 1223.06
1493, 1057.38, 276.972, 136.706, 1223.06
1494, 1058.52, 277.969, 136.727, 1224.71
1495, 1058.52, 277.969, 136.727, 1224.71
1496, 1059.45, 277.969, 136.746, 1225.5
1497, 1059.45, 277.969, 136.746, 1225.5
1498, 1060.68, 277.969, 136.746, 1225.5
1499, 1061.67, 278.971, 136.796, 1225.94
1500, 1061.67, 278.971, 136.796, 1225.94
1501, 1062.84, 278.971, 136.837, 1227.38
1502, 1062.84, 278.971, 136.837, 1227.38
1503, 1063.77, 278.971, 136.837, 1227.38
1504, 1064.75, 279.97, 136.9, 1228.78
1505, 1066.47, 279.97, 138.018, 1230.1
1506, 1066.47, 279.97, 138.018, 1230.1
1507, 1067.24, 279.97, 138.018, 1230.1
1508, 1067.24, 279.97, 138.018, 1230.1
1509, 1067.93, 279.97, 138.018, 1230.1
1510, 1068.66, 280.972, 138.057, 1230.76
1511, 1069.23, 280.972, 138.069, 1231.72
1512, 1069.23, 280.972, 138.069, 1231.72
1513, 1070.14, 280.972, 138.069, 1231.72
1514, 1070.14, 280.972, 138.069, 1231.72
1515, 1071.29, 280.972, 138.069, 1231.72
1516, 1072.7, 281.972, 138.102, 1232.91
1517, 1072.7, 281.972, 138.102, 1232.91
1518, 1073.94, 281.972, 138.118, 1235.39
1519, 1073.94, 281.972, 138.118, 1235.39
1520, 1074.67, 281.972, 138.136, 1240.91
1521, 1075.36, 282.971, 138.155, 1241.11
1522, 1077.5, 282.971, 138.236, 1243.53
1523, 1077.5, 282.971, 138.236, 1243.53
1524, 1078.52, 282.971, 138.302, 1244.42
1525, 1078.52, 282.971, 138.302, 1244.42
1526, 1079.56, 282.971, 138.322, 1246.26
1527, 1080.48, 283.97, 138.36, 1247.76
1528, 1081.45, 283.97, 138.38, 1248.38
1529, 1081.45, 283.97, 138.38, 1248.38
1530, 1081.91, 283.97, 138.426, 1250
1531, 1081.91, 283.97, 138.426, 1250
1532, 1082.75, 283.97, 138.426, 1250
1533, 1083.46, 284.971, 138.444, 1251.29
1534, 1084.19, 284.971, 138.465, 1251.81
1535, 1084.19, 284.971, 138.465, 1251.81
1536, 1085.03, 284.971, 138.502, 1252.63
1537, 1085.03, 284.971, 138.502, 1252.63
1538, 1085.38, 284.971, 138.564, 1254.21
1539, 1086.55, 285.971, 138.582, 1254.55
1540, 1087.58, 285.971, 138.617, 1256.29
1541, 1087.58, 285.971, 138.617, 1256.29
1542, 1088.34, 285.971, 138.672, 1257.46
1543, 1088.34, 285.971, 138.672, 1257.46
1544, 1089.16, 285.971, 138.672, 1257.46
1545, 1089.79, 286.97, 138.69, 1258.98
1546, 1091.06, 286.97, 138.712, 1259.98
1547, 1091.06, 286.97, 138.712, 1259.98
1548, 1092.03, 286.97, 138.792, 1260.89
1549, 1092.03, 286.97, 138.792, 1260.89
1550, 1092.22, 286.97, 138.83, 1262.59
1551, 1093.06, 287.969, 138.83, 1262.59
1552, 1093.88, 287.969, 138.83, 1262.59
1553, 1093.88, 287.969, 138.83, 1262.59
1554, 1095.04, 287.969, 138.85, 1263.53
1555, 1095.04, 287.969, 138.85, 1263.53
1556, 1095.26, 287.969, 138.992, 1264.89
1557, 1096.26, 288.971, 138.992, 1264.89
1558, 1096.26, 288.971, 138.992, 1264.89
1559, 1097.05, 288.971, 139.03, 1265.81
1560, 1097.05, 288.971, 139.03, 1265.81
1561, 1098.22, 288.971, 139.03, 1265.81
1562, 1099.31, 289.97, 139.03, 1265.81
1563, 1099.31, 289.97, 139.03, 1265.81
1564, 1100.24, 289.97, 139.03, 1265.81
1565, 1100.24, 289.97, 139.03, 1265.81
1566, 1100.88, 289.97, 139.03, 1265.81
1567, 1101.94, 290.969, 139.03, 1265.81
1568, 1103.05, 290.969, 140.282, 1267.37
1569, 1103.05, 290.969, 140.282, 1267.37
1570, 1104.12, 290.969, 140.282, 1267.37
1571, 1104.12, 290.969, 140.282, 1267.37
1572, 1105.26, 290.969, 140.282, 1267.37
1573, 1106.16, 291.97, 140.322, 1271.75
1574, 1107.22, 291.97, 140.322, 1271.75
1575, 1107.22, 291.97, 140.322, 1271.75
1576, 1107.96, 291.97, 140.345, 1274.07
1577, 1107.96, 291.97, 140.345, 1274.07
1578, 1108.73, 291.97, 140.345, 1274.07
1579, 1109.57, 292.97, 140.386, 1275.31
1580, 1110.14, 292.97, 140.386, 1275.31
1581, 1110.14, 292.97, 140.386, 1275.31
1582, 1110.77, 292.97, 140.448, 1276.82
1583, 1110.77, 292.97, 140.448, 1276.82
1584, 1111.15, 292.97, 140.448, 1276.82
1585, 1111.98, 293.969, 140.464, 1278.09
1586, 1112.82, 293.969, 140.51, 1282.18
1587, 1112.82, 293.969, 140.51, 1282.18
1588, 1113.65, 293.969, 140.525, 1283.26
1589, 1113.65, 293.969, 140.525, 1283.26
1590, 1114.72, 293.969, 140.525, 1283.26
1591, 1115.68, 294.969, 140.525, 1283.26
1592, 1116.69, 294.969, 140.55, 1283.44
1593, 1116.69, 294.969, 140.55, 1283.44
1594, 1117.62, 294.969, 140.578, 1284.5
1595, 1117.62, 294.969, 140.578, 1284.5
1596, 1119.17, 294.969, 140.614, 1291.28
1597, 1120.52, 295.969, 140.614, 1291.28
1598, 1120.52, 295.969, 140.614, 1291.28
1599, 1121.24, 295.969, 140.632, 1292.06
1600, 1121.24, 295.969, 140.632, 1292.06
1601, 1121.96, 295.969, 140.652, 1292.5
1602, 1122.43, 296.972, 140.715, 1295.28
1603, 1124.43, 296.972, 140.76, 1296.69
1604, 1124.43, 296.972, 140.76, 1296.69
1605, 1125.25, 296.972, 140.813, 1297.82
1606, 1125.25, 296.972, 140.813, 1297.82
1607, 1126.21, 296.972, 140.813, 1297.82
1608, 1126.87, 297.969, 140.856, 1298.62
1609, 1126.87, 297.969, 140.856, 1298.62
1610, 1127.71, 297.969, 140.9, 1299.25
1611, 1127.71, 297.969, 140.9, 1299.25
1612, 1128.87, 297.969, 140.9, 1299.25
1613, 1129.26, 298.97, 140.973, 1300.04
1614, 1131.04, 298.97, 141.033, 1303.24
1615, 1131.04, 298.97, 141.033, 1303.24
1616, 1132.39, 298.97, 141.109, 1304.14
1617, 1132.39, 298.97, 141.109, 1304.14
1618, 1132.84, 298.97, 141.129, 1307.68
1619, 1133.89, 299.97, 141.155, 1309.14
1620, 1134.87, 299.97, 141.188, 1309.9
1621, 1134.87, 299.97, 141.188, 1309.9
1622, 1135.29, 299.97, 141.219, 1311.03
1623, 1135.29, 299.97, 141.219, 1311.03
1624, 1135.94, 299.97, 141.219, 1311.03
1625, 1136.84, 300.969, 141.256, 1311.89
1626, 1137.33, 300.969, 141.275, 1312.69
1627, 1137.33, 300.969, 141.275, 1312.69
1628, 1137.65, 300.969, 141.371, 1313.82
1629, 1137.65, 300.969, 141.371, 1313.82
1630, 1138.92, 300.969, 141.371, 1313.82
1631, 1139.47, 301.972, 141.371, 1313.82
1632, 1140.65, 301.972, 141.389, 1314.72
1633, 1140.65, 301.972, 141.389, 1314.72
1634, 1140.67, 301.972, 141.433, 1314.78
1635, 1140.67, 301.972, 141.433, 1314.78
1636, 1141.27, 301.972, 141.474, 1317.9
1637, 1141.97, 302.97, 141.474, 1317.9
1638, 1142.89, 302.97, 141.524, 1319.45
1639, 1142.89, 302.97, 141.524, 1319.45
1640, 1142.94, 302.97, 142.996, 1319.88
1641, 1142.94, 302.97, 142.996, 1319.88
1642, 1143.56, 302.97, 143.012, 1320.5
1643, 1143.85, 303.97, 143.051, 1323.6
1644, 1144.71, 303.97, 143.051, 1323.6
1645, 1144.71, 303.97, 143.051, 1323.6
1646, 1145.11, 303.97, 143.051, 1323.6
1647, 1145.11, 303.97, 143.051, 1323.6
1648, 1146.21, 303.97, 143.051, 1323.6
1649, 1146.99, 304.972, 143.094, 1324.22
1650, 1147.99, 304.972, 143.094, 1324.22
1651, 1147.99, 304.972, 143.094, 1324.22
1652, 1148.6, 304.972, 143.115, 1325.8
1653, 1148.6, 304.972, 143.115, 1325.8
1654, 1149.75, 304.972, 143.137, 1327.52
1655, 1150.4, 305.97, 143.137, 1327.52
1656, 1150.4, 305.97, 143.137, 1327.52
1657, 1150.84, 305.97, 143.156, 1328.52
1658, 1150.84, 305.97, 143.156, 1328.52
1659, 1151.55, 305.97, 143.156, 1328.52
1660, 1152.55, 306.969, 143.22, 1330.94
1661, 1154.12, 306.969, 143.282, 1334.67
1662, 1154.12, 306.969, 143.282, 1334.67
1663, 1154.75, 306.969, 143.341, 1335.87
1664, 1154.75, 306.969, 143.341, 1335.87
1665, 1156.51, 306.969, 143.359, 1337.97
1666, 1157.55, 307.97, 143.359, 1337.97
1667, 1158.18, 307.97, 143.359, 1338.75
1668, 1158.18, 307.97, 143.359, 1338.75
1669, 1158.71, 307.97, 143.428, 1339.63
1670, 1158.71, 307.97, 143.428, 1339.63
1671, 1159.95, 307.97, 143.428, 1339.63
1672, 1160.76, 308.973, 143.468, 1341.09
1673, 1160.77, 308.973, 143.468, 1341.09
1674, 1160.77, 308.973, 143.468, 1341.09
1675, 1161.31, 308.973, 143.468, 1341.09
1676, 1161.31, 308.973, 143.468, 1341.09
1677, 1162.71, 308.973, 143.468, 1341.09
1678, 1163.72, 309.971, 143.483, 1341.89
1679, 1163.72, 309.971, 143.483, 1341.89
1680, 1164.39, 309.971, 143.525, 1343.82
1681, 1164.39, 309.971, 143.525, 1343.82
1682, 1165.97, 309.971, 143.525, 1343.82
1683, 1166.82, 310.969, 143.564, 1344.82
1684, 1168.44, 310.969, 145.459, 1346.15
1685, 1168.44, 310.969, 145.459, 1346.15
1686, 1168.93, 310.969, 145.504, 1346.99
1687, 1168.93, 310.969, 145.504, 1346.99
1688, 1170.13, 310.969, 145.504, 1346.99
1689, 1170.96, 311.97, 145.529, 1348.29
1690, 1170.96, 311.97, 145.529, 1348.29
1691, 1171.68, 311.97, 145.566, 1349.17
1692, 1171.68, 311.97, 145.566, 1349.17
1693, 1172.98, 311.97, 145.583, 1354.17
1694, 1174.21, 312.969, 145.599, 1354.71
1695, 1175.48, 312.969, 145.705, 1356.71
1696, 1175.48, 312.969, 145.705, 1356.71
1697, 1176.03, 312.969, 145.723, 1357.81
1698, 1176.03, 312.969, 145.723, 1357.81
1699, 1177.51, 312.969, 145.723, 1357.81
1700, 1178.25, 313.969, 145.736, 1359.03
1701, 1178.25, 313.969, 145.736, 1359.03
1702, 1179.29, 313.969, 145.736, 1359.03
1703, 1179.29, 313.969, 145.736, 1359.03
1704, 1180.59, 313.969, 145.759, 1360.87
1705, 1181.42, 314.969, 145.844, 1362.3
1706, 1182.93, 314.969, 145.918, 1364.36
1707, 1182.93, 314.969, 145.918, 1364.36
1708, 1183.53, 314.969, 145.962, 1365.94
1709, 1183.53, 314.969, 145.962, 1365.94
1710, 1184.58, 314.969, 145.998, 1367.62
1711, 1185.08, 315.969, 146.053, 1368.28
1712, 1186.08, 315.969, 146.074, 1369
1713, 1186.08, 315.969, 146.074, 1369
1714, 1187.39, 315.969, 146.119, 1370.3
1715, 1187.39, 315.969, 146.119, 1370.3
1716, 1188.86, 315.969, 146.136, 1370.54
1717, 1190.15, 316.969, 146.136, 1370.54
1718, 1190.15, 316.969, 146.136, 1370.54
1719, 1190.72, 316.969, 146.158, 1371.23
1720, 1190.72, 316.969, 146.158, 1371.23
1721, 1192.27, 316.969, 146.181, 1373.06
1722, 1193.12, 317.976, 146.263, 1375.28
1723, 1193.12, 317.976, 146.263, 1375.28
1724, 1194.06, 317.976, 146.303, 1376.72
1725, 1194.06, 317.976, 146.303, 1376.72
1726, 1195.65, 317.976, 146.303, 1376.72
1727, 1196.53, 318.969, 146.329, 1377.43
1728, 1198.64, 318.969, 146.41, 1379.69
1729, 1198.64, 318.969, 146.41, 1379.69
1730, 1199.36, 318.969, 146.463, 1380.76
1731, 1199.36, 318.969, 146.463, 1380.76
1732, 1200.96, 318.969, 146.463, 1380.76
1733, 1202.17, 319.969, 146.483, 1381.43
1734, 1202.17, 319.969, 146.483, 1381.43
1735, 1202.55, 319.969, 146.551, 1382.34
1736, 1202.55, 319.969, 146.551, 1382.34
1737, 1204.1, 319.969, 146.571, 1384.62
1738, 1204.77, 320.972, 146.594, 1385.5
1739, 1206.41, 320.972, 146.659, 1388.25
1740, 1206.41, 320.972, 146.659, 1388.25
1741, 1207.19, 320.972, 146.68, 1389.23
1742, 1207.19, 320.972, 146.68, 1389.23
1743, 1208.79, 320.972, 146.7, 1390.85
1744, 1209.57, 321.969, 146.7, 1390.85
1745, 1209.57, 321.969, 146.7, 1390.85
1746, 1209.86, 321.969, 146.886, 1391.17
1747, 1209.86, 321.969, 146.886, 1391.17
1748, 1211.42, 321.969, 146.886, 1391.17
1749, 1212.63, 322.971, 146.908, 1393.39
1750, 1213.78, 322.971, 147.008, 1394.75
1751, 1213.78, 322.971, 147.008, 1394.75
1752, 1213.99, 322.971, 147.187, 1395.83
1753, 1213.99, 322.971, 147.187, 1395.83
1754, 1215.56, 322.971, 147.187, 1395.83
1755, 1216.34, 323.969, 147.207, 1396.34
1756, 1217.44, 323.969, 147.228, 1397.33
1757, 1217.44, 323.969, 147.228, 1397.33
1758, 1218.28, 323.969, 147.247, 1398.53
1759, 1218.28, 323.969, 147.247, 1398.53
1760, 1219.87, 323.969, 147.271, 1401.28
1761, 1221.07, 324.97, 147.271, 1401.28
1762, 1221.74, 324.97, 147.297, 1402.42
1763, 1221.74, 324.97, 147.297, 1402.42
1764, 1223.07, 324.97, 147.297, 1402.42
1765, 1223.07, 324.97, 147.297, 1402.42
1766, 1224.66, 324.97, 147.297, 1402.42
1767, 1226, 325.97, 147.329, 1404.59
1768, 1226.71, 325.97, 147.372, 1406
1769, 1226.71, 325.97, 147.372, 1406
1770, 1227.14, 325.97, 147.435, 1407.83
1771, 1227.14, 325.97, 147.435, 1407.83
1772, 1228.45, 325.97, 147.435, 1407.83
1773, 1229.1, 326.97, 147.459, 1408.99
1774, 1229.1, 326.97, 147.459, 1408.99
1775, 1229.44, 326.97, 147.508, 1410.03
1776, 1229.44, 326.97, 147.508, 1410.03
1777, 1229.94, 326.97, 147.526, 1412.51
1778, 1230.51, 327.969, 147.526, 1412.51
1779, 1230.51, 327.969, 147.526, 1412.51
1780, 1231.55, 327.969, 147.546, 1412.99
1781, 1231.55, 327.969, 147.546, 1412.99
1782, 1232.18, 327.969, 147.546, 1412.99
1783, 1233.32, 328.973, 147.568, 1414.49
1784, 1233.32, 328.973, 147.568, 1414.49
1785, 1234.04, 328.973, 147.585, 1415.95
1786, 1234.04, 328.973, 147.585, 1415.95
1787, 1234.8, 328.973, 147.603, 1418.45
1788, 1235.69, 329.969, 147.639, 1420.24
1789, 1235.69, 329.969, 147.639, 1420.24
1790, 1236.62, 329.969, 147.694, 1420.84
1791, 1236.62, 329.969, 147.694, 1420.84
1792, 1237.35, 329.969, 147.694, 1420.84
1793, 1238.25, 330.975, 147.717, 1421.38
1794, 1242.36, 330.975, 147.924, 1426.23
1795, 1242.36, 330.975, 147.924, 1426.23
1796, 1243.02, 330.975, 147.964, 1427.55
1797, 1243.02, 330.975, 147.964, 1427.55
1798, 1243.47, 330.975, 147.985, 1428.89
1799, 1244.19, 331.971, 147.985, 1428.89
1800, 1245.08, 331.971, 148.028, 1429.65
1801, 1245.08, 331.971, 148.028, 1429.65
1802, 1245.69, 331.971, 148.141, 1430.5
1803, 1245.69, 331.971, 148.141, 1430.5
1804, 1246.25, 331.971, 148.141, 1430.5
1805, 1247.3, 332.969, 148.164, 1432.34
1806, 1248.26, 332.969, 148.218, 1433.38
1807, 1248.26, 332.969, 148.218, 1433.38
1808, 1249.18, 332.969, 148.236, 1434.44
1809, 1249.18, 332.969, 148.236, 1434.44
1810, 1249.64, 332.969, 148.28, 1436.37
1811, 1250.42, 333.971, 148.327, 1438.05
1812, 1251.21, 333.971, 148.348, 1438.51
1813, 1251.21, 333.971, 148.348, 1438.51
1814, 1252.35, 333.971, 148.418, 1439.43
1815, 1252.35, 333.971, 148.418, 1439.43
1816, 1253.01, 333.971, 148.418, 1439.43
1817, 1253.92, 334.969, 148.444, 1439.5
1818, 1254.89, 334.969, 148.481, 1440.64
1819, 1254.89, 334.969, 148.481, 1440.64
1820, 1255.98, 334.969, 148.501, 1441.04
1821, 1255.98, 334.969, 148.501, 1441.04
1822, 1256.72, 334.969, 148.522, 1443.48
1823, 1257.15, 335.969, 148.555, 1444.63
1824, 1257.86, 335.969, 148.578, 1445.61
1825, 1257.86, 335.969, 148.578, 1445.61
1826, 1258.71, 335.969, 148.598, 1447
1827, 1258.71, 335.969, 148.598, 1447
1828, 1259.25, 335.969, 148.622, 1447.99
1829, 1260.31, 336.971, 148.642, 1449.16
1830, 1260.31, 336.971, 148.642, 1449.16
1831, 1261.17, 336.971, 148.664, 1450.1
1832, 1261.17, 336.971, 148.664, 1450.1
1833, 1261.99, 336.971, 148.685, 1451.21
1834, 1263.01, 337.97, 148.705, 1452.21
1835, 1263.01, 337.97, 148.705, 1452.21
1836, 1263.94, 337.97, 148.731, 1452.53
1837, 1263.94, 337.97, 148.731, 1452.53
1838, 1264.76, 337.97, 148.75, 1453.19
1839, 1265.18, 338.971, 148.75, 1453.19
1840, 1267.89, 338.971, 148.832, 1456.55
1841, 1267.89, 338.971, 148.832, 1456.55
1842, 1268.48, 338.971, 148.832, 1456.55
1843, 1268.48, 338.971, 148.832, 1456.55
1844, 1269.58, 338.971, 148.871, 1458.15
1845, 1270.72, 339.971, 148.871, 1458.15
1846, 1271.63, 339.971, 148.871, 1458.15
1847, 1271.63, 339.971, 148.871, 1458.15
1848, 1271.88, 339.971, 148.995, 1460.72
1849, 1271.88, 339.971, 148.995, 1460.72
1850, 1272.49, 339.971, 148.995, 1460.72
1851, 1273.39, 340.969, 148.995, 1460.72
1852, 1274.27, 340.969, 148.995, 1460.72
1853, 1274.27, 340.969, 148.995, 1460.72
1854, 1275.21, 340.969, 149.032, 1461.88
1855, 1275.21, 340.969, 149.032, 1461.88
1856, 1275.93, 340.969, 149.092, 1463.8
1857, 1276.93, 341.97, 149.117, 1467.4
1858, 1276.93, 341.97, 149.117, 1467.4
1859, 1278.03, 341.97, 149.221, 1467.79
1860, 1278.03, 341.97, 149.221, 1467.79
1861, 1278.39, 341.97, 149.221, 1467.79
1862, 1279.15, 342.969, 149.284, 1469.21
1863, 1281.21, 342.969, 149.342, 1472.97
1864, 1281.21, 342.969, 149.342, 1472.97
1865, 1282.11, 342.969, 149.358, 1474.25
1866, 1282.11, 342.969, 149.358, 1474.25
1867, 1282.89, 342.969, 149.374, 1475.68
1868, 1283.78, 343.969, 149.418, 1476.67
1869, 1285.26, 343.969, 149.43, 1477.12
1870, 1285.26, 343.969, 149.43, 1477.12
1871, 1285.95, 343.969, 149.455, 1477.5
1872, 1285.95, 343.969, 149.455, 1477.5
1873, 1286.53, 343.969, 149.473, 1478.42
1874, 1287.69, 344.97, 149.473, 1478.42
1875, 1288.83, 344.97, 149.495, 1479.68
1876, 1288.83, 344.97, 149.495, 1479.68
1877, 1289.47, 344.97, 149.495, 1479.68
1878, 1289.47, 344.97, 149.495, 1479.68
1879, 1290.56, 344.97, 149.514, 1480.68
1880, 1291.31, 345.971, 149.54, 1482.62
1881, 1292.56, 345.971, 149.555, 1483.2
1882, 1292.56, 345.971, 149.555, 1483.2
1883, 1294.19, 345.971, 149.574, 1485.34
1884, 1294.19, 345.971, 149.574, 1485.34
1885, 1294.99, 345.971, 149.617, 1486.92
1886, 1296.24, 346.971, 149.617, 1486.92
1887, 1297.8, 346.971, 149.637, 1488
1888, 1297.8, 346.971, 149.637, 1488
1889, 1298.55, 346.971, 149.683, 1489.47
1890, 1298.55, 346.971, 149.683, 1489.47
1891, 1299.35, 346.971, 149.683, 1489.47
1892, 1299.95, 347.97, 149.746, 1491.06
1893, 1301.51, 347.97, 149.802, 1492.55
1894, 1301.51, 347.97, 149.802, 1492.55
1895, 1303.02, 347.97, 149.844, 1493.4
1896, 1303.02, 347.97, 149.844, 1493.4
1897, 1304.52, 347.97, 149.844, 1493.4
1898, 1305.46, 348.969, 149.892, 1494.76
1899, 1305.46, 348.969, 149.892, 1494.76
1900, 1306.28, 348.969, 149.912, 1495.6
1901, 1306.28, 348.969, 149.912, 1495.6
1902, 1307.04, 348.969, 149.931, 1497.9
1903, 1308.04, 349.971, 149.95, 1498.54
1904, 1308.04, 349.971, 149.95, 1498.54
1905, 1308.13, 349.971, 150.269, 1499.58
1906, 1308.13, 349.971, 150.269, 1499.58
1907, 1308.9, 349.971, 150.269, 1499.58
1908, 1309.91, 350.971, 150.321, 1500.98
1909, 1309.91, 350.971, 150.321, 1500.98
1910, 1310.45, 350.971, 150.402, 1501.75
1911, 1310.45, 350.971, 150.402, 1501.75
1912, 1310.89, 350.971, 150.421, 1503.96
1913, 1311.68, 351.97, 150.459, 1504.63
1914, 1311.68, 351.97, 150.459, 1504.63
1915, 1312.85, 351.97, 150.498, 1505.33
1916, 1312.85, 351.97, 150.498, 1505.33
1917, 1312.86, 351.97, 150.498, 1505.33
1918, 1313.59, 352.972, 150.498, 1505.33
1919, 1313.59, 352.972, 150.498, 1505.33
1920, 1314.25, 352.972, 150.541, 1506.21
1921, 1314.25, 352.972, 150.541, 1506.21
1922, 1314.45, 352.972, 152.362, 1506.27
1923, 1314.94, 353.969, 152.397, 1508.75
1924, 1314.94, 353.969, 152.397, 1508.75
1925, 1315.4, 353.969, 152.414, 1510.04
1926, 1315.4, 353.969, 152.414, 1510.04
1927, 1316.35, 353.969, 152.414, 1510.04
1928, 1317.13, 354.97, 152.478, 1510.55
1929, 1325.2, 354.97, 152.717, 1516.96
1930, 1325.2, 354.97, 152.717, 1516.96
1931, 1325.89, 354.97, 152.775, 1518
1932, 1325.89, 354.97, 152.775, 1518
1933, 1326.55, 354.97, 152.775, 1518
1934, 1327.59, 355.969, 152.797, 1518.64
1935, 1327.59, 355.969, 152.797, 1518.64
1936, 1329.24, 355.969, 152.897, 1519.58
1937, 1329.24, 355.969, 152.897, 1519.58
1938, 1330.19, 355.969, 152.916, 1523.14
1939, 1330.82, 356.969, 152.962, 1524.26
1940, 1330.82, 356.969, 152.962, 1524.26
1941, 1331.61, 356.969, 152.962, 1524.26
1942, 1331.61, 356.969, 152.962, 1524.26
1943, 1332.85, 356.969, 152.985, 1524.26
1944, 1333.66, 357.969, 153.034, 1525.69
1945, 1333.66, 357.969, 153.034, 1525.69
1946, 1334.96, 357.969, 153.085, 1527.19
1947, 1334.96, 357.969, 153.085, 1527.19
1948, 1335.57, 357.969, 153.085, 1527.19
1949, 1336.75, 358.97, 153.085, 1527.19
1950, 1339.57, 358.97, 153.185, 1530.05
1951, 1339.57, 358.97, 153.185, 1530.05
1952, 1340.31, 358.97, 153.245, 1531.42
1953, 1340.31, 358.97, 153.245, 1531.42
1954, 1341.17, 358.97, 153.262, 1533.88
1955, 1341.57, 359.97, 153.281, 1535.34
1956, 1342.21, 359.97, 153.281, 1535.34
1957, 1342.21, 359.97, 153.281, 1535.34
1958, 1342.26, 359.97, 153.96, 1535.68
1959, 1342.26, 359.97, 153.96, 1535.68
1960, 1342.93, 359.97, 153.96, 1535.68
1961, 1343.96, 360.969, 153.96, 1537.32
1962, 1343.96, 360.969, 153.96, 1537.32
1963, 1344.04, 360.969, 154.262, 1538
1964, 1344.04, 360.969, 154.262, 1538
1965, 1345.23, 360.969, 154.327, 1540.32
1966, 1346.07, 361.969, 154.368, 1541.27
1967, 1346.07, 361.969, 154.368, 1541.27
1968, 1346.99, 361.969, 154.411, 1541.83
1969, 1346.99, 361.969, 154.411, 1541.83
1970, 1347.81, 361.969, 154.411, 1541.83
1971, 1348.86, 362.969, 154.411, 1541.83
1972, 1351.28, 362.969, 154.527, 1546.73
1973, 1351.28, 362.969, 154.527, 1546.73
1974, 1353.07, 362.969, 154.577, 1547.91
1975, 1353.07, 362.969, 154.577, 1547.91
1976, 1354.3, 362.969, 154.577, 1547.91
1977, 1354.87, 363.97, 154.617, 1549.81
1978, 1355.93, 363.97, 154.722, 1551.13
1979, 1355.93, 363.97, 154.722, 1551.13
1980, 1356.9, 363.97, 154.722, 1551.13
1981, 1356.9, 363.97, 154.722, 1551.13
1982, 1357.7, 363.97, 154.742, 1553.34
1983, 1358.45, 364.969, 154.762, 1553.96
1984, 1359.42, 364.969, 154.781, 1554.48
1985, 1359.42, 364.969, 154.781, 1554.48
1986, 1360.09, 364.969, 154.86, 1556.41
1987, 1360.09, 364.969, 154.86, 1556.41
1988, 1360.93, 364.969, 154.86, 1556.41
1989, 1361.88, 365.97, 154.86, 1556.41
1990, 1362.24, 365.97, 154.86, 1556.41
1991, 1362.24, 365.97, 154.86, 1556.41
1992, 1363.35, 365.97, 154.926, 1557.46
1993, 1363.35, 365.97, 154.926, 1557.46
1994, 1364.01, 365.97, 154.968, 1560.3
1995, 1364.33, 366.97, 155.049, 1562.6
1996, 1364.33, 366.97, 155.049, 1562.6
1997, 1365.12, 366.97, 155.049, 1562.6
1998, 1365.12, 366.97, 155.049, 1562.6
1999, 1366.59, 366.97, 155.049, 1562.6
2000, 1366.7, 367.969, 155.232, 1563.42
2001, 1368.01, 367.969, 155.257, 1566.42
2002, 1368.01, 367.969, 155.257, 1566.42
2003, 1368.66, 367.969, 155.298, 1568.34
2004, 1368.66, 367.969, 155.298, 1568.34
2005, 1369.11, 367.969, 155.418, 1570.06
2006, 1369.9, 368.97, 155.476, 1570.64
2007, 1370.39, 368.97, 155.573, 1572.12
2008, 1370.39, 368.97, 155.573, 1572.12
2009, 1371.29, 368.97, 155.592, 1573.14
2010, 1371.29, 368.97, 155.592, 1573.14
2011, 1372.29, 368.97, 155.647, 1574.21
2012, 1373.82, 369.97, 155.669, 1575.46
2013, 1374.51, 369.97, 155.709, 1575.94
2014, 1374.51, 369.97, 155.709, 1575.94
2015, 1375.23, 369.97, 155.709, 1575.94
2016, 1375.23, 369.97, 155.709, 1575.94
2017, 1376.48, 369.97, 155.709, 1575.94
2018, 1377.34, 370.969, 155.744, 1576.79
2019, 1377.84, 370.969, 155.762, 1577.71
2020, 1377.84, 370.969, 155.762, 1577.71
2021, 1379.06, 370.969, 155.803, 1579.73
2022, 1379.06, 370.969, 155.803, 1579.73
2023, 1379.73, 370.969, 155.803, 1579.73
2024, 1380.25, 371.969, 155.826, 1580.16
2025, 1381.38, 371.969, 155.868, 1581.49
2026, 1381.38, 371.969, 155.868, 1581.49
2027, 1382.39, 371.969, 155.885, 1581.65
2028, 1382.39, 371.969, 155.885, 1581.65
2029, 1383.9, 371.969, 155.907, 1584.61
2030, 1385.2, 372.969, 155.924, 1586.37
2031, 1385.9, 372.969, 155.924, 1586.37
2032, 1385.9, 372.969, 155.924, 1586.37
2033, 1386.64, 372.969, 155.963, 1588.17
2034, 1386.64, 372.969, 155.963, 1588.17
2035, 1387.69, 372.969, 155.985, 1588.77
2036, 1389.01, 373.97, 156.005, 1589.69
2037, 1389.92, 373.97, 156.025, 1591.25
2038, 1389.92, 373.97, 156.025, 1591.25
2039, 1390.52, 373.97, 156.045, 1591.89
2040, 1390.52, 373.97, 156.045, 1591.89
2041, 1391.14, 373.97, 156.064, 1593.19
2042, 1391.22, 374.969, 156.221, 1593.85
2043, 1391.22, 374.969, 156.221, 1593.85
2044, 1392.2, 374.969, 156.281, 1594.85
2045, 1392.2, 374.969, 156.281, 1594.85
2046, 1393.13, 374.969, 156.281, 1594.85
2047, 1393.19, 375.97, 157.091, 1595.14
2048, 1393.26, 375.97, 158.882, 1595.97
2049, 1393.26, 375.97, 158.882, 1595.97
2050, 1393.52, 375.97, 158.882, 1595.97
2051, 1393.52, 375.97, 158.882, 1595.97
2052, 1394.4, 375.97, 158.882, 1595.97
2053, 1395.07, 376.971, 158.882, 1595.97
2054, 1395.26, 376.971, 159.031, 1596.36
2055, 1395.26, 376.971, 159.031, 1596.36
2056, 1395.48, 376.971, 159.174, 1598.12
2057, 1395.48, 376.971, 159.174, 1598.12
2058, 1396.37, 376.971, 159.195, 1601.1
2059, 1397.26, 377.97, 159.217, 1602.46
2060, 1398.02, 377.97, 159.3, 1603.74
2061, 1398.02, 377.97, 159.3, 1603.74
2062, 1398.63, 377.97, 159.3, 1604.73
2063, 1398.63, 377.97, 159.3, 1604.73
2064, 1399.36, 377.97, 159.3, 1604.73
2065, 1400.05, 378.971, 159.317, 1605.93
2066, 1400.05, 378.971, 159.317, 1605.93
2067, 1400.05, 378.971, 159.317, 1605.93
2068, 1400.05, 378.971, 159.317, 1605.93
2069, 1401.04, 378.971, 159.317, 1605.93
2070, 1401.9, 379.97, 159.317, 1605.93
2071, 1401.9, 379.97, 159.317, 1605.93
2072, 1402.16, 379.97, 161.195, 1606.26
2073, 1402.16, 379.97, 161.195, 1606.26
2074, 1402.64, 379.97, 161.195, 1606.26
2075, 1403.8, 380.969, 161.208, 1608.17
2076, 1405.91, 380.969, 161.822, 1610.43
2077, 1405.91, 380.969, 161.822, 1610.43
2078, 1407.43, 380.969, 161.822, 1610.43
2079, 1407.43, 380.969, 161.822, 1610.43
2080, 1408.05, 380.969, 161.822, 1614.11
2081, 1408.67, 381.97, 161.822, 1614.11
2082, 1408.67, 381.97, 161.822, 1614.11
2083, 1409.43, 381.97, 161.869, 1615.95
2084, 1409.43, 381.97, 161.869, 1615.95
2085, 1409.43, 381.97, 161.869, 1615.95
2086, 1410.2, 382.97, 161.931, 1618.48
2087, 1410.2, 382.97, 161.931, 1618.48
2088, 1411.08, 382.97, 161.991, 1619.7
2089, 1411.08, 382.97, 161.991, 1619.7
2090, 1411.32, 382.97, 163.73, 1619.76
2091, 1411.69, 383.969, 163.73, 1620.18
2092, 1411.69, 383.969, 163.73, 1620.18
2093, 1411.88, 383.969, 164.055, 1620.88
2094, 1411.88, 383.969, 164.055, 1620.88
2095, 1413.13, 383.969, 164.077, 1621.92
2096, 1413.13, 384.971, 164.077, 1621.92
2097, 1413.13, 384.971, 164.077, 1621.92
2098, 1413.19, 384.971, 164.629, 1622.35
2099, 1413.19, 384.971, 164.629, 1622.35
2100, 1414.6, 384.971, 164.629, 1622.35
2101, 1414.6, 385.97, 164.629, 1622.35
2102, 1414.6, 385.97, 164.629, 1622.35
2103, 1415.03, 385.97, 164.767, 1623.23
2104, 1415.03, 385.97, 164.767, 1623.23
2105, 1415.39, 385.97, 164.806, 1625.47
2106, 1415.39, 386.969, 164.806, 1625.47
2107, 1415.39, 386.969, 164.806, 1625.47
2108, 1416.08, 386.969, 164.845, 1626.21
2109, 1416.08, 386.969, 164.845, 1626.21
2110, 1417.12, 386.969, 164.845, 1626.21
2111, 1417.12, 387.97, 164.845, 1626.21
2112, 1423.58, 387.97, 165.458, 1632.38
2113, 1423.58, 387.97, 165.458, 1632.38
2114, 1424.13, 387.97, 165.556, 1633.4
2115, 1424.13, 387.97, 165.556, 1633.4
2116, 1424.93, 387.97, 165.556, 1633.4
2117, 1424.93, 388.969, 165.556, 1633.4
2118, 1425.43, 388.969, 165.578, 1634.27
2119, 1425.43, 388.969, 165.578, 1634.27
2120, 1425.95, 388.969, 165.828, 1634.73
2121, 1425.95, 388.969, 165.828, 1634.73
2122, 1426.49, 388.969, 165.843, 1637.56
2123, 1426.49, 389.97, 165.843, 1637.56
2124, 1427.09, 389.97, 165.901, 1638.96
2125, 1427.09, 389.97, 165.901, 1638.96
2126, 1427.92, 389.97, 165.942, 1640.23
2127, 1427.92, 389.97, 165.942, 1640.23
2128, 1428.99, 389.97, 165.942, 1640.23
2129, 1428.99, 390.97, 165.942, 1640.23
2130, 1430.12, 390.97, 166.017, 1641.2
2131, 1430.12, 390.97, 166.017, 1641.2
2132, 1430.66, 390.97, 166.041, 1641.43
2133, 1430.66, 390.97, 166.041, 1641.43
2134, 1431.35, 390.97, 166.041, 1641.43
2135, 1431.35, 391.97, 166.041, 1641.43
2136, 1431.9, 391.97, 166.041, 1641.43
2137, 1431.9, 391.97, 166.041, 1641.43
2138, 1433.12, 391.97, 166.122, 1643.13
2139, 1433.12, 391.97, 166.122, 1643.13
2140, 1433.78, 391.97, 166.122, 1643.13
2141, 1433.78, 392.97, 166.122, 1643.13
2142, 1434.55, 392.97, 166.139, 1644.35
2143, 1434.55, 392.97, 166.139, 1644.35
2144, 1435.35, 392.97, 166.157, 1644.88
2145, 1435.35, 392.97, 166.157, 1644.88
2146, 1435.99, 392.97, 166.157, 1644.88
2147, 1435.99, 393.969, 166.157, 1644.88
2148, 1435.99, 393.969, 166.157, 1644.88
2149, 1436.94, 393.969, 166.184, 1646.02
2150, 1436.94, 393.969, 166.184, 1646.02
2151, 1437.81, 393.969, 166.225, 1650.78
2152, 1437.81, 394.969, 166.225, 1650.78
2153, 1438.67, 394.969, 166.308, 1653.25
2154, 1438.67, 394.969, 166.308, 1653.25
2155, 1439.82, 394.969, 166.325, 1654.04
2156, 1439.82, 394.969, 166.325, 1654.04
2157, 1440.81, 394.969, 166.363, 1655.13
2158, 1440.81, 395.969, 166.363, 1655.13
2159, 1441.76, 395.969, 166.363, 1655.13
2160, 1441.76, 395.969, 166.363, 1655.13
2161, 1442.7, 395.969, 166.383, 1656.39
2162, 1442.7, 395.969, 166.383, 1656.39
2163, 1443.42, 395.969, 166.383, 1656.39
2164, 1443.42, 396.97, 166.383, 1656.39
2165, 1443.42, 396.97, 166.383, 1656.39
2166, 1444.47, 396.97, 166.429, 1657.13
2167, 1444.47, 396.97, 166.429, 1657.13
2168, 1445.6, 396.97, 166.452, 1659.49
2169, 1445.6, 397.97, 166.452, 1659.49
2170, 1445.6, 397.97, 166.452, 1659.49
2171, 1446.1, 397.97, 166.468, 1660.61
2172, 1446.1, 397.97, 166.468, 1660.61
2173, 1446.48, 397.97, 166.545, 1661.39
2174, 1446.48, 398.969, 166.545, 1661.39
2175, 1448.5, 398.969, 166.561, 1665.06
2176, 1448.5, 398.969, 166.561, 1665.06
2177, 1449.32, 398.969, 166.561, 1665.06
2178, 1449.32, 398.969, 166.561, 1665.06
2179, 1450.18, 398.969, 166.578, 1666.04
2180, 1450.18, 399.97, 166.578, 1666.04
2181, 1451.3, 399.97, 166.657, 1667.08
2182, 1451.3, 399.97, 166.657, 1667.08
2183, 1451.96, 399.97, 166.674, 1668.8
2184, 1451.96, 399.97, 166.674, 1668.8
2185, 1452.72, 399.97, 166.692, 1669.18
2186, 1452.72, 400.97, 166.692, 1669.18
2187, 1453.39, 400.97, 166.735, 1670.42
2188, 1453.39, 400.97, 166.735, 1670.42
2189, 1454.63, 400.97, 166.755, 1671.76
2190, 1454.63, 400.97, 166.755, 1671.76
2191, 1454.94, 400.97, 166.778, 1673.2
2192, 1454.94, 401.97, 166.778, 1673.2
2193, 1455.71, 401.97, 166.808, 1673.99
2194, 1455.71, 401.97, 166.808, 1673.99
2195, 1456.39, 401.97, 166.897, 1674.87
2196, 1456.39, 401.97, 166.897, 1674.87
2197, 1457.27, 401.97, 166.95, 1675.73
2198, 1457.27, 402.97, 166.95, 1675.73
2199, 1458.16, 402.97, 167.066, 1676.58
2200, 1458.16, 402.97, 167.066, 1676.58
2201, 1458.81, 402.97, 167.101, 1677.57
2202, 1458.81, 402.97, 167.101, 1677.57
2203, 1459.75, 402.97, 167.101, 1677.57
2204, 1459.75, 403.97, 167.101, 1677.57
2205, 1460.47, 403.97, 167.118, 1678.39
2206, 1460.47, 403.97, 167.118, 1678.39
2207, 1461.43, 403.97, 167.144, 1679.02
2208, 1461.43, 403.97, 167.144, 1679.02
2209, 1461.88, 403.97, 167.144, 1679.02
2210, 1461.88, 404.969, 167.144, 1679.02
2211, 1462.64, 404.969, 167.144, 1679.02
2212, 1462.64, 404.969, 167.144, 1679.02
2213, 1463.22, 404.969, 167.16, 1680.15
2214, 1463.22, 404.969, 167.16, 1680.15
2215, 1463.37, 404.969, 167.16, 1682.93
2216, 1463.37, 405.969, 167.16, 1682.93
2217, 1463.94, 405.969, 167.16, 1682.93
2218, 1463.94, 405.969, 167.16, 1682.93
2219, 1464.58, 405.969, 167.179, 1684.31
2220, 1464.58, 405.969, 167.179, 1684.31
2221, 1464.59, 405.969, 168.898, 1684.33
2222, 1464.59, 406.969, 168.898, 1684.33
2223, 1465.21, 406.969, 168.919, 1687.17
2224, 1465.21, 406.969, 168.919, 1687.17
2225, 1466.15, 406.969, 168.942, 1687.35
2226, 1466.15, 406.969, 168.942, 1687.35
2227, 1466.65, 406.969, 169.066, 1687.97
2228, 1466.65, 407.969, 169.066, 1687.97
2229, 1466.65, 407.969, 169.066, 1687.97
2230, 1467.47, 407.969, 169.082, 1689.05
2231, 1467.47, 407.969, 169.082, 1689.05
2232, 1468.62, 407.969, 169.105, 1689.63
2233, 1468.62, 408.971, 169.105, 1689.63
2234, 1468.62, 408.971, 169.105, 1689.63
2235, 1469.72, 408.971, 169.105, 1689.63
2236, 1469.72, 408.971, 169.105, 1689.63
2237, 1470.51, 408.971, 169.105, 1689.63
2238, 1470.51, 409.97, 169.105, 1689.63
2239, 1472.58, 409.97, 169.327, 1692.21
2240, 1472.58, 409.97, 169.327, 1692.21
2241, 1473.72, 409.97, 169.327, 1692.21
2242, 1473.72, 409.97, 169.327, 1692.21
2243, 1475.17, 409.97, 169.327, 1692.21
2244, 1475.17, 410.97, 169.327, 1692.21
2245, 1476.4, 410.97, 169.361, 1693.77
2246, 1476.4, 410.97, 169.361, 1693.77
2247, 1477.23, 410.97, 169.389, 1696.83
2248, 1477.23, 410.97, 169.389, 1696.83
2249, 1478.45, 410.97, 169.389, 1696.83
2250, 1478.45, 411.972, 169.389, 1696.83
2251, 1478.81, 411.972, 169.452, 1697.53
2252, 1478.81, 411.972, 169.452, 1697.53
2253, 1479.49, 411.972, 169.472, 1698.94
2254, 1479.49, 411.972, 169.472, 1698.94
2255, 1480.97, 411.972, 169.472, 1698.94
2256, 1480.97, 412.97, 169.472, 1698.94
2257, 1482.15, 412.97, 169.492, 1700.34
2258, 1482.15, 412.97, 169.492, 1700.34
2259, 1482.16, 412.97, 169.492, 1700.34
2260, 1482.16, 412.97, 169.492, 1700.34
2261, 1483.5, 412.97, 169.515, 1705.34
2262, 1483.5, 413.972, 169.515, 1705.34
2263, 1485.04, 413.972, 169.606, 1706.05
2264, 1485.04, 413.972, 169.606, 1706.05
2265, 1485.24, 413.972, 171.33, 1706.05
2266, 1485.24, 413.972, 171.33, 1706.05
2267, 1486.57, 413.972, 171.349, 1707.63
2268, 1486.57, 414.97, 171.349, 1707.63
2269, 1487.85, 414.97, 171.349, 1707.63
2270, 1487.85, 414.97, 171.349, 1707.63
2271, 1488.86, 414.97, 171.368, 1708.19
2272, 1488.86, 414.97, 171.368, 1708.19
2273, 1490.11, 414.97, 171.368, 1708.19
2274, 1490.11, 415.969, 171.368, 1708.19
2275, 1490.11, 415.969, 171.368, 1708.19
2276, 1490.66, 415.969, 171.405, 1709.89
2277, 1490.66, 415.969, 171.405, 1709.89
2278, 1492.14, 415.969, 171.429, 1711.33
2279, 1492.14, 416.97, 171.429, 1711.33
2280, 1492.14, 416.97, 171.429, 1711.33
2281, 1492.17, 416.97, 172.192, 1711.63
2282, 1492.17, 416.97, 172.192, 1711.63
2283, 1493.79, 416.97, 172.192, 1711.63
2284, 1493.79, 417.969, 172.192, 1711.63
2285, 1495.16, 417.969, 172.726, 1715.4
2286, 1495.16, 417.969, 172.726, 1715.4
2287, 1495.25, 417.969, 173.366, 1715.58
2288, 1495.25, 417.969, 173.366, 1715.58
2289, 1496.35, 417.969, 173.382, 1717.53
2290, 1496.35, 418.97, 173.382, 1717.53
2291, 1496.35, 418.97, 173.382, 1717.53
2292, 1497.12, 418.97, 173.4, 1718.79
2293, 1497.12, 418.97, 173.4, 1718.79
2294, 1498.32, 418.97, 173.418, 1719.95
2295, 1498.32, 419.969, 173.418, 1719.95
2296, 1500.07, 419.969, 173.456, 1721.72
2297, 1500.07, 419.969, 173.456, 1721.72
2298, 1501.06, 419.969, 173.498, 1721.86
2299, 1501.06, 419.969, 173.498, 1721.86
2300, 1502.64, 419.969, 173.523, 1722.54
2301, 1502.64, 420.971, 173.523, 1722.54
2302, 1503.26, 420.971, 173.544, 1722.85
2303, 1503.26, 420.971, 173.544, 1722.85
2304, 1503.85, 420.971, 173.559, 1724.44
2305, 1503.85, 420.971, 173.559, 1724.44
2306, 1505.55, 420.971, 173.581, 1725.23
2307, 1505.55, 421.971, 173.581, 1725.23
2308, 1506.47, 421.971, 173.608, 1726.37
2309, 1506.47, 421.971, 173.608, 1726.37
2310, 1507.3, 421.971, 173.671, 1727.48
2311, 1507.3, 421.971, 173.671, 1727.48
2312, 1508.73, 421.971, 173.671, 1727.48
2313, 1508.73, 422.969, 173.671, 1727.48
2314, 1509.53, 422.969, 173.711, 1729.01
2315, 1509.53, 422.969, 173.711, 1729.01
2316, 1510.84, 422.969, 173.711, 1729.01
2317, 1510.84, 422.969, 173.711, 1729.01
2318, 1511.61, 422.969, 173.711, 1729.01
2319, 1511.61, 423.972, 173.711, 1729.01
2320, 1511.61, 423.972, 173.711, 1729.01
2321, 1512.1, 423.972, 173.73, 1730.07
2322, 1512.1, 423.972, 173.73, 1730.07
2323, 1513.2, 423.972, 173.73, 1730.07
2324, 1513.2, 424.971, 173.73, 1730.07
2325, 1514.98, 424.971, 173.816, 1731.86
2326, 1514.98, 424.971, 173.816, 1731.86
2327, 1515.87, 424.971, 173.852, 1733.44
2328, 1515.87, 424.971, 173.852, 1733.44
2329, 1516.77, 424.971, 173.874, 1737.84
2330, 1516.77, 425.971, 173.874, 1737.84
2331, 1516.77, 425.971, 173.874, 1737.84
2332, 1517.23, 425.971, 173.892, 1738.53
2333, 1517.23, 425.971, 173.892, 1738.53
2334, 1517.8, 425.971, 173.892, 1738.53
2335, 1517.8, 426.969, 173.892, 1738.53
2336, 1518.93, 426.969, 174.02, 1740.66
2337, 1518.93, 426.969, 174.02, 1740.66
2338, 1519.35, 426.969, 174.113, 1741.84
2339, 1519.35, 426.969, 174.113, 1741.84
2340, 1520.28, 426.969, 174.113, 1741.84
2341, 1520.28, 427.971, 174.113, 1741.84
2342, 1520.28, 427.971, 174.113, 1741.84
2343, 1521.34, 427.971, 174.113, 1741.84
2344, 1521.34, 427.971, 174.113, 1741.84
2345, 1522.19, 427.971, 174.131, 1744.94
2346, 1522.19, 428.971, 174.131, 1744.94
2347, 1522.79, 428.971, 174.994, 1745.52
2348, 1522.79, 428.971, 174.994, 1745.52
2349, 1523.94, 428.971, 174.994, 1745.52
2350, 1523.94, 428.971, 174.994, 1745.52
2351, 1524.44, 428.971, 174.994, 1745.52
2352, 1524.44, 429.971, 174.994, 1745.52
2353, 1525.92, 429.971, 175.011, 1746.48
2354, 1525.92, 429.971, 175.011, 1746.48
2355, 1526.73, 429.971, 175.028, 1749.36
2356, 1526.73, 429.971, 175.028, 1749.36
2357, 1527.85, 429.971, 175.028, 1749.36
2358, 1527.85, 430.97, 175.028, 1749.36
2359, 1528.49, 430.97, 175.109, 1750.78
2360, 1528.49, 430.97, 175.109, 1750.78
2361, 1529.17, 430.97, 175.148, 1751.98
2362, 1529.17, 430.97, 175.148, 1751.98
2363, 1530.11, 430.97, 175.148, 1751.98
2364, 1530.11, 431.97, 175.148, 1751.98
2365, 1531.01, 431.97, 175.168, 1752.83
2366, 1531.01, 431.97, 175.168, 1752.83
2367, 1532.04, 431.97, 175.238, 1753.56
2368, 1532.04, 431.97, 175.238, 1753.56
2369, 1533.51, 431.97, 175.238, 1753.56
2370, 1533.51, 432.969, 175.238, 1753.56
2371, 1534, 432.969, 175.257, 1754.3
2372, 1534, 432.969, 175.257, 1754.3
2373, 1535.06, 432.969, 175.297, 1755.35
2374, 1535.06, 432.969, 175.297, 1755.35
2375, 1535.96, 432.969, 175.297, 1755.35
2376, 1535.96, 433.971, 175.297, 1755.35
2377, 1537.26, 433.971, 175.314, 1756.19
2378, 1537.26, 433.971, 175.314, 1756.19
2379, 1538.1, 433.971, 175.332, 1757.5
2380, 1538.1, 433.971, 175.332, 1757.5
2381, 1539, 433.971, 175.332, 1757.5
2382, 1539, 434.97, 175.332, 1757.5
2383, 1539, 434.97, 175.332, 1757.5
2384, 1539.58, 434.97, 175.373, 1757.68
2385, 1539.58, 434.97, 175.373, 1757.68
2386, 1540.18, 434.97, 175.394, 1764.38
2387, 1540.18, 435.97, 175.394, 1764.38
2388, 1541.53, 435.97, 175.414, 1765.3
2389, 1541.53, 435.97, 175.414, 1765.3
2390, 1543.01, 435.97, 175.434, 1766.87
2391, 1543.01, 435.97, 175.434, 1766.87
2392, 1544.31, 435.97, 175.434, 1766.87
2393, 1544.31, 436.969, 175.434, 1766.87
2394, 1545.21, 436.969, 175.434, 1766.87
2395, 1545.21, 436.969, 175.434, 1766.87
2396, 1546.57, 436.969, 175.454, 1767.66
2397, 1546.57, 436.969, 175.454, 1767.66
2398, 1547.61, 436.969, 175.454, 1767.66
2399, 1547.61, 437.97, 175.454, 1767.66
2400, 1548.53, 437.97, 175.511, 1771.04
2401, 1548.53, 437.97, 175.511, 1771.04
2402, 1549.28, 437.97, 175.557, 1771.92
2403, 1549.28, 437.97, 175.557, 1771.92
2404, 1549.77, 437.97, 175.557, 1771.92
2405, 1549.77, 438.969, 175.557, 1771.92
2406, 1550.82, 438.969, 175.595, 1773.06
2407, 1550.82, 438.969, 175.595, 1773.06
2408, 1551.78, 438.969, 175.714, 1774.3
2409, 1551.78, 438.969, 175.714, 1774.3
2410, 1552.64, 438.969, 175.714, 1774.3
2411, 1552.64, 439.97, 175.714, 1774.3
2412, 1553.74, 439.97, 175.762, 1774.5
2413, 1553.74, 439.97, 175.762, 1774.5
2414, 1555.08, 439.97, 175.803, 1775.1
2415, 1555.08, 439.97, 175.803, 1775.1
2416, 1556.27, 439.97, 175.842, 1780.42
2417, 1556.27, 440.969, 175.842, 1780.42
2418, 1557.24, 440.969, 175.86, 1781.34
2419, 1557.24, 440.969, 175.86, 1781.34
2420, 1557.98, 440.969, 175.916, 1782.72
2421, 1557.98, 440.969, 175.916, 1782.72
2422, 1558.66, 440.969, 175.916, 1782.72
2423, 1558.66, 441.971, 175.916, 1782.72
2424, 1558.66, 441.971, 175.916, 1782.72
2425, 1559.82, 441.971, 175.937, 1783.18
2426, 1559.82, 441.971, 175.937, 1783.18
2427, 1561.04, 441.971, 175.957, 1784.68
2428, 1561.04, 442.969, 175.957, 1784.68
2429, 1561.04, 442.969, 175.957, 1784.68
2430, 1561.75, 442.969, 176.005, 1786.17
2431, 1561.75, 442.969, 176.005, 1786.17
2432, 1563, 442.969, 176.067, 1787.27
2433, 1563, 443.971, 176.067, 1787.27
2434, 1565.36, 443.971, 176.132, 1790.86
2435, 1565.36, 443.971, 176.132, 1790.86
2436, 1566.06, 443.971, 176.19, 1791.75
2437, 1566.06, 443.971, 176.19, 1791.75
2438, 1566.98, 443.971, 176.19, 1791.75
2439, 1566.98, 444.97, 176.19, 1791.75
2440, 1567.99, 444.97, 176.263, 1792.87
2441, 1567.99, 444.97, 176.263, 1792.87
2442, 1568.39, 444.97, 176.301, 1793.65
2443, 1568.39, 444.97, 176.301, 1793.65
2444, 1569.27, 444.97, 176.343, 1796.15
2445, 1569.27, 445.969, 176.343, 1796.15
2446, 1570.09, 445.969, 176.365, 1796.89
2447, 1570.09, 445.969, 176.365, 1796.89
2448, 1570.86, 445.969, 176.365, 1796.89
2449, 1570.86, 445.969, 176.365, 1796.89
2450, 1572.29, 445.969, 176.365, 1796.89
2451, 1572.29, 446.969, 176.365, 1796.89
2452, 1573.11, 446.969, 176.365, 1796.89
2453, 1573.11, 446.969, 176.365, 1796.89
2454, 1573.7, 446.969, 176.385, 1798.49
2455, 1573.7, 446.969, 176.385, 1798.49
2456, 1574.79, 446.969, 176.385, 1798.49
2457, 1574.79, 447.969, 176.385, 1798.49
2458, 1575.48, 447.969, 176.428, 1800.27
2459, 1575.48, 447.969, 176.428, 1800.27
2460, 1575.82, 447.969, 176.51, 1801.53
2461, 1575.82, 447.969, 176.51, 1801.53
2462, 1576.53, 447.969, 176.51, 1801.53
2463, 1576.53, 448.971, 176.51, 1801.53
2464, 1576.87, 448.971, 176.57, 1802.63
2465, 1576.87, 448.971, 176.57, 1802.63
2466, 1577.72, 448.971, 176.589, 1803.87
2467, 1577.72, 448.971, 176.589, 1803.87
2468, 1578.82, 448.971, 176.612, 1807.59
2469, 1578.82, 449.97, 176.612, 1807.59
2470, 1579.79, 449.97, 176.669, 1808.35
2471, 1579.79, 449.97, 176.669, 1808.35
2472, 1580.72, 449.97, 176.669, 1808.35
2473, 1580.72, 449.97, 176.669, 1808.35
2474, 1581.92, 449.97, 176.669, 1808.35
2475, 1581.92, 450.969, 176.669, 1808.35
2476, 1582.98, 450.969, 176.716, 1809.06
2477, 1582.98, 450.969, 176.716, 1809.06
2478, 1583.68, 450.969, 176.77, 1810.91
2479, 1583.68, 450.969, 176.77, 1810.91
2480, 1584.79, 450.969, 176.811, 1813.18
2481, 1584.79, 451.969, 176.811, 1813.18
2482, 1585.49, 451.969, 176.853, 1814.52
2483, 1585.49, 451.969, 176.853, 1814.52
2484, 1586.5, 451.969, 176.873, 1814.88
2485, 1586.5, 451.969, 176.873, 1814.88
2486, 1587.5, 451.969, 176.894, 1815.18
2487, 1587.5, 452.972, 176.894, 1815.18
2488, 1588.82, 452.972, 176.988, 1816.38
2489, 1588.82, 452.972, 176.988, 1816.38
2490, 1589.62, 452.972, 177.009, 1817.73
2491, 1589.62, 452.972, 177.009, 1817.73
2492, 1590.27, 452.972, 177.009, 1817.73
2493, 1590.27, 453.971, 177.009, 1817.73
2494, 1591.04, 453.971, 177.009, 1817.73
2495, 1591.04, 453.971, 177.009, 1817.73
2496, 1591.78, 453.971, 177.032, 1818.54
2497, 1591.78, 453.971, 177.032, 1818.54
2498, 1591.95, 453.971, 177.032, 1820.6
2499, 1591.95, 454.97, 177.032, 1820.6
2500, 1593.28, 454.97, 177.05, 1822.36
2501, 1593.28, 454.97, 177.05, 1822.36
2502, 1593.96, 454.97, 177.091, 1823.86
2503, 1593.96, 454.97, 177.091, 1823.86
2504, 1593.98, 454.97, 177.874, 1823.88
2505, 1593.98, 455.972, 177.874, 1823.88
2506, 1594.76, 455.972, 177.896, 1824.83
2507, 1594.76, 455.972, 177.896, 1824.83
2508, 1595.52, 455.972, 177.97, 1825.51
2509, 1595.52, 455.972, 177.97, 1825.51
2510, 1596.03, 455.972, 178.814, 1825.51
2511, 1596.03, 456.97, 178.814, 1825.51
2512, 1596.03, 456.97, 178.814, 1825.51
2513, 1596.22, 456.97, 178.836, 1825.91
2514, 1596.22, 456.97, 178.836, 1825.91
2515, 1597.64, 456.97, 178.898, 1827.5
2516, 1597.64, 457.969, 178.898, 1827.5
2517, 1599.4, 457.969, 178.969, 1829.11
2518, 1599.4, 457.969, 178.969, 1829.11
2519, 1599.41, 457.969, 180.746, 1829.15
2520, 1599.41, 457.969, 180.746, 1829.15
2521, 1600.23, 457.969, 180.746, 1830.05
2522, 1600.23, 458.969, 180.746, 1830.05
2523, 1600.23, 458.969, 180.746, 1830.05
2524, 1601.03, 458.969, 180.787, 1830.27
2525, 1601.03, 458.969, 180.787, 1830.27
2526, 1601.03, 458.969, 180.787, 1830.27
2527, 1601.03, 459.97, 180.787, 1830.27
2528, 1601.94, 459.97, 181.402, 1832.19
2529, 1601.94, 459.97, 181.402, 1832.19
2530, 1602.64, 459.97, 181.443, 1833.54
2531, 1602.64, 459.97, 181.443, 1833.54
2532, 1602.79, 459.97, 183.264, 1833.66
2533, 1602.79, 460.974, 183.264, 1833.66
2534, 1603.22, 460.974, 183.329, 1833.9
2535, 1603.22, 460.974, 183.329, 1833.9
2536, 1603.84, 460.974, 183.367, 1834.85
2537, 1603.84, 460.974, 183.367, 1834.85
2538, 1604.58, 460.974, 183.406, 1836.27
2539, 1604.58, 461.974, 183.406, 1836.27
2540, 1605.47, 461.974, 183.466, 1837.75
2541, 1605.47, 461.974, 183.466, 1837.75
2542, 1606.71, 461.974, 183.466, 1839.11
2543, 1606.71, 461.974, 183.466, 1839.11
2544, 1607.47, 461.974, 183.525, 1840.05
2545, 1607.47, 462.971, 183.525, 1840.05
2546, 1607.47, 462.971, 183.525, 1840.05
2547, 1608.55, 462.971, 183.609, 1840.33
2548, 1608.55, 462.971, 183.609, 1840.33
2549, 1609.61, 462.971, 183.644, 1840.81
2550, 1609.61, 463.969, 183.644, 1840.81
2551, 1610.88, 463.969, 183.779, 1842.79
2552, 1610.88, 463.969, 183.779, 1842.79
2553, 1611.78, 463.969, 183.836, 1844.36
2554, 1611.78, 463.969, 183.836, 1844.36
2555, 1612.12, 463.969, 183.877, 1845.48
2556, 1612.12, 464.973, 183.877, 1845.48
2557, 1612.66, 464.973, 183.958, 1846.4
2558, 1612.66, 464.973, 183.958, 1846.4
2559, 1613.42, 464.973, 183.958, 1846.4
2560, 1613.42, 464.973, 183.958, 1846.4
2561, 1614.39, 464.973, 183.979, 1846.84
2562, 1614.39, 465.97, 183.979, 1846.84
2563, 1614.39, 465.97, 183.979, 1846.84
2564, 1615.13, 465.97, 184.047, 1848.49
2565, 1615.13, 465.97, 184.047, 1848.49
2566, 1615.65, 465.97, 184.208, 1850.2
2567, 1615.65, 466.97, 184.208, 1850.2
2568, 1615.65, 466.97, 184.208, 1850.2
2569, 1616.54, 466.97, 184.245, 1851.44
2570, 1616.54, 466.97, 184.245, 1851.44
2571, 1616.74, 466.97, 184.285, 1851.61
2572, 1616.74, 467.971, 184.285, 1851.61
2573, 1616.74, 467.971, 184.285, 1851.61
2574, 1617.69, 467.971, 184.325, 1851.93
2575, 1617.69, 467.971, 184.325, 1851.93
2576, 1617.84, 467.971, 184.346, 1853.34
2577, 1617.84, 468.969, 184.346, 1853.34
2578, 1617.84, 468.969, 184.346, 1853.34
2579, 1618.89, 468.969, 184.367, 1854.97
2580, 1618.89, 468.969, 184.367, 1854.97
2581, 1619.01, 468.969, 184.386, 1855.73
2582, 1619.01, 469.969, 184.386, 1855.73
2583, 1623.67, 469.969, 184.472, 1858.78
2584, 1623.67, 469.969, 184.472, 1858.78
2585, 1624.19, 469.969, 184.533, 1859.7
2586, 1624.19, 469.969, 184.533, 1859.7
2587, 1624.55, 469.969, 184.553, 1860.81
2588, 1624.55, 470.971, 184.553, 1860.81
2589, 1625.24, 470.971, 184.592, 1863.18
2590, 1625.24, 470.971, 184.592, 1863.18
2591, 1625.94, 470.971, 184.614, 1863.22
2592, 1625.94, 470.971, 184.614, 1863.22
2593, 1627, 470.971, 184.627, 1864.29
2594, 1627, 471.971, 184.627, 1864.29
2595, 1627.65, 471.971, 184.627, 1864.29
2596, 1627.65, 471.971, 184.627, 1864.29
2597, 1627.81, 471.971, 184.992, 1865.8
2598, 1627.81, 471.971, 184.992, 1865.8
2599, 1628.24, 471.971, 184.992, 1865.8
2600, 1628.24, 472.973, 184.992, 1865.8
2601, 1628.24, 472.973, 184.992, 1865.8
2602, 1628.39, 472.973, 185.049, 1866.02
2603, 1628.39, 472.973, 185.049, 1866.02
2604, 1629.53, 472.973, 185.089, 1868.23
2605, 1629.53, 473.971, 185.089, 1868.23
2606, 1630.58, 473.971, 185.104, 1870.19
2607, 1630.58, 473.971, 185.104, 1870.19
2608, 1630.68, 473.971, 185.185, 1871.63
2609, 1630.68, 473.971, 185.185, 1871.63
2610, 1631.44, 473.971, 185.232, 1872.57
2611, 1631.44, 474.971, 185.232, 1872.57
2612, 1632.51, 474.971, 185.232, 1872.57
2613, 1632.51, 474.971, 185.232, 1872.57
2614, 1632.64, 474.971, 185.912, 1872.66
2615, 1632.64, 474.971, 185.912, 1872.66
2616, 1633.48, 474.971, 185.912, 1872.66
2617, 1633.48, 475.969, 185.912, 1872.66
2618, 1633.48, 475.969, 185.912, 1872.66
2619, 1634.5, 475.969, 185.938, 1874.04
2620, 1634.5, 475.969, 185.938, 1874.04
2621, 1635.57, 475.969, 185.956, 1875.98
2622, 1635.57, 476.973, 185.956, 1875.98
2623, 1635.57, 476.973, 185.956, 1875.98
2624, 1636.56, 476.973, 186.02, 1876.45
2625, 1636.56, 476.973, 186.02, 1876.45
2626, 1637.82, 476.973, 186.02, 1876.45
2627, 1637.82, 477.971, 186.02, 1876.45
2628, 1640.28, 477.971, 186.12, 1881.89
2629, 1640.28, 477.971, 186.12, 1881.89
2630, 1641.06, 477.971, 186.157, 1883.41
2631, 1641.06, 477.971, 186.157, 1883.41
2632, 1641.48, 477.971, 186.177, 1885.61
2633, 1641.48, 478.972, 186.177, 1885.61
2634, 1642.82, 478.972, 186.239, 1886.09
2635, 1642.82, 478.972, 186.239, 1886.09
2636, 1643.38, 478.972, 186.262, 1886.91
2637, 1643.38, 478.972, 186.262, 1886.91
2638, 1644.54, 478.972, 186.308, 1887.86
2639, 1644.54, 479.969, 186.308, 1887.86
2640, 1645.17, 479.969, 186.347, 1889.11
2641, 1645.17, 479.969, 186.347, 1889.11
2642, 1645.94, 479.969, 186.425, 1890.05
2643, 1645.94, 479.969, 186.425, 1890.05
2644, 1647.3, 479.969, 186.468, 1890.37
2645, 1647.3, 480.972, 186.468, 1890.37
2646, 1648.47, 480.972, 186.548, 1891.17
2647, 1648.47, 480.972, 186.548, 1891.17
2648, 1648.72, 480.972, 186.727, 1892.11
2649, 1648.72, 480.972, 186.727, 1892.11
2650, 1650.18, 480.972, 186.76, 1893.31
2651, 1650.18, 481.97, 186.76, 1893.31
2652, 1650.18, 481.97, 186.76, 1893.31
2653, 1650.34, 481.97, 186.901, 1893.81
2654, 1650.34, 481.97, 186.901, 1893.81
2655, 1651.55, 481.97, 186.901, 1893.81
2656, 1651.55, 482.97, 186.901, 1893.81
2657, 1652.36, 482.97, 187.106, 1895.77
2658, 1652.36, 482.97, 187.106, 1895.77
2659, 1653.41, 482.97, 187.124, 1896.27
2660, 1653.41, 482.97, 187.124, 1896.27
2661, 1654.03, 482.97, 187.143, 1898.37
2662, 1654.03, 483.969, 187.143, 1898.37
2663, 1654.03, 483.969, 187.143, 1898.37
2664, 1654.83, 483.969, 187.143, 1898.37
2665, 1654.83, 483.969, 187.143, 1898.37
2666, 1655.42, 483.969, 187.199, 1899.42
2667, 1655.42, 484.969, 187.199, 1899.42
2668, 1657.43, 484.969, 187.293, 1901.04
2669, 1657.43, 484.969, 187.293, 1901.04
2670, 1658.66, 484.969, 187.315, 1903.78
2671, 1658.66, 484.969, 187.315, 1903.78
2672, 1660.3, 484.969, 187.344, 1904.84
2673, 1660.3, 485.97, 187.344, 1904.84
2674, 1660.92, 485.97, 187.364, 1905.42
2675, 1660.92, 485.97, 187.364, 1905.42
2676, 1661.52, 485.97, 187.364, 1905.42
2677, 1661.52, 485.97, 187.364, 1905.42
2678, 1662.59, 485.97, 187.364, 1905.42
2679, 1662.59, 486.97, 187.364, 1905.42
2680, 1663.73, 486.97, 187.364, 1905.42
2681, 1663.73, 486.97, 187.364, 1905.42
2682, 1664.75, 486.97, 187.386, 1906.98
2683, 1664.75, 486.97, 187.386, 1906.98
2684, 1665.12, 486.97, 187.386, 1906.98
2685, 1665.12, 487.97, 187.386, 1906.98
2686, 1666.03, 487.97, 187.406, 1909.24
2687, 1666.03, 487.97, 187.406, 1909.24
2688, 1666.73, 487.97, 187.428, 1910.26
2689, 1666.73, 487.97, 187.428, 1910.26
2690, 1667.17, 487.97, 187.48, 1913.03
2691, 1667.17, 488.969, 187.48, 1913.03
2692, 1667.17, 488.969, 187.48, 1913.03
2693, 1668.32, 488.969, 187.523, 1913.63
2694, 1668.32, 488.969, 187.523, 1913.63
2695, 1669.29, 488.969, 187.546, 1914.48
2696, 1669.29, 489.97, 187.546, 1914.48
2697, 1670.62, 489.97, 187.633, 1916.87
2698, 1670.62, 489.97, 187.633, 1916.87
2699, 1671.4, 489.97, 187.654, 1918.46
2700, 1671.4, 489.97, 187.654, 1918.46
2701, 1672.04, 489.97, 187.693, 1919.8
2702, 1672.04, 490.972, 187.693, 1919.8
2703, 1673.17, 490.972, 187.719, 1920.16
2704, 1673.17, 490.972, 187.719, 1920.16
2705, 1673.78, 490.972, 187.762, 1921.26
2706, 1673.78, 490.972, 187.762, 1921.26
2707, 1674.95, 490.972, 187.762, 1921.26
2708, 1674.95, 491.973, 187.762, 1921.26
2709, 1676.05, 491.973, 187.783, 1922.86
2710, 1676.05, 491.973, 187.783, 1922.86
2711, 1677.21, 491.973, 187.82, 1923.08
2712, 1677.21, 491.973, 187.82, 1923.08
2713, 1677.93, 491.973, 187.839, 1924.5
2714, 1677.93, 492.973, 187.839, 1924.5
2715, 1678.7, 492.973, 187.851, 1924.84
2716, 1678.7, 492.973, 187.851, 1924.84
2717, 1679.39, 492.973, 187.871, 1926.16
2718, 1679.39, 492.973, 187.871, 1926.16
2719, 1680.52, 492.973, 187.871, 1926.16
2720, 1680.52, 493.97, 187.871, 1926.16
2721, 1681.95, 493.97, 187.927, 1927.75
2722, 1681.95, 493.97, 187.927, 1927.75
2723, 1682.82, 493.97, 187.946, 1928.57
2724, 1682.82, 493.97, 187.946, 1928.57
2725, 1683.67, 493.97, 187.968, 1930.39
2726, 1683.67, 494.97, 187.968, 1930.39
2727, 1684.48, 494.97, 187.968, 1930.39
2728, 1684.48, 494.97, 187.968, 1930.39
2729, 1685.28, 494.97, 187.968, 1930.39
2730, 1685.28, 494.97, 187.968, 1930.39
2731, 1686.4, 494.97, 187.985, 1931.49
2732, 1686.4, 495.971, 187.985, 1931.49
2733, 1686.4, 495.971, 187.985, 1931.49
2734, 1686.87, 495.971, 188.006, 1933.69
2735, 1686.87, 495.971, 188.006, 1933.69
2736, 1687.7, 495.971, 188.026, 1934.91
2737, 1687.7, 496.971, 188.026, 1934.91
2738, 1689.36, 496.971, 188.091, 1936.86
2739, 1689.36, 496.971, 188.091, 1936.86
2740, 1690.08, 496.971, 188.11, 1937.8
2741, 1690.08, 496.971, 188.11, 1937.8
2742, 1690.84, 496.971, 188.137, 1938.96
2743, 1690.84, 497.97, 188.137, 1938.96
2744, 1691.47, 497.97, 188.162, 1940.14
2745, 1691.47, 497.97, 188.162, 1940.14
2746, 1691.49, 497.97, 188.162, 1940.14
2747, 1691.49, 497.97, 188.162, 1940.14
2748, 1692.33, 497.97, 188.162, 1940.14
2749, 1692.33, 498.97, 188.162, 1940.14
2750, 1693.04, 498.97, 188.235, 1941.68
2751, 1693.04, 498.97, 188.235, 1941.68
2752, 1693.34, 498.97, 190.075, 1942.02
2753, 1693.34, 498.97, 190.075, 1942.02
2754, 1694.18, 498.97, 190.075, 1942.02
2755, 1694.18, 499.969, 190.075, 1942.02
2756, 1694.18, 499.969, 190.075, 1942.02
2757, 1695.27, 499.969, 190.075, 1942.02
2758, 1695.27, 499.969, 190.075, 1942.02
2759, 1696.12, 499.969, 190.093, 1944.5
2760, 1696.12, 500.973, 190.093, 1944.5
2761, 1696.12, 500.973, 190.093, 1944.5
2762, 1696.97, 500.973, 190.173, 1946.55
2763, 1696.97, 500.973, 190.173, 1946.55
2764, 1697.82, 500.973, 190.216, 1947.42
2765, 1697.82, 501.971, 190.216, 1947.42
2766, 1697.82, 501.971, 190.216, 1947.42
2767, 1698.44, 501.971, 190.262, 1948.37
2768, 1698.44, 501.971, 190.262, 1948.37
2769, 1699.12, 501.971, 190.262, 1948.37
2770, 1699.12, 502.971, 190.262, 1948.37
2771, 1701.66, 502.971, 191.507, 1951.35
2772, 1701.66, 502.971, 191.507, 1951.35
2773, 1702.49, 502.971, 191.544, 1951.89
2774, 1702.49, 502.971, 191.544, 1951.89
2775, 1702.86, 502.971, 191.563, 1954.55
2776, 1702.86, 503.97, 191.563, 1954.55
2777, 1702.98, 503.97, 192.019, 1954.72
2778, 1702.98, 503.97, 192.019, 1954.72
2779, 1703.83, 503.97, 192.058, 1955.96
2780, 1703.83, 503.97, 192.058, 1955.96
2781, 1704.23, 503.97, 192.058, 1955.96
2782, 1704.23, 504.969, 192.058, 1955.96
2783, 1704.23, 504.969, 192.058, 1955.96
2784, 1704.89, 504.969, 192.076, 1956.78
2785, 1704.89, 504.969, 192.076, 1956.78
2786, 1705.6, 504.969, 192.13, 1958.32
2787, 1705.6, 505.971, 192.13, 1958.32
2788, 1707.72, 505.971, 192.185, 1960
2789, 1707.72, 505.971, 192.185, 1960
2790, 1708.51, 505.971, 192.204, 1960.55
2791, 1708.51, 505.971, 192.204, 1960.55
2792, 1709.55, 505.971, 192.204, 1960.55
2793, 1709.55, 506.97, 192.204, 1960.55
2794, 1710.22, 506.97, 192.272, 1961.86
2795, 1710.22, 506.97, 192.272, 1961.86
2796, 1711.46, 506.97, 192.293, 1962.96
2797, 1711.46, 506.97, 192.293, 1962.96
2798, 1712.15, 506.97, 192.312, 1964.54
2799, 1712.15, 507.97, 192.312, 1964.54
2800, 1712.15, 507.97, 192.312, 1964.54
2801, 1712.54, 507.97, 192.383, 1966.25
2802, 1712.54, 507.97, 192.383, 1966.25
2803, 1713.65, 507.97, 192.429, 1967.45
2804, 1713.65, 508.969, 192.429, 1967.45
2805, 1715.69, 508.969, 192.508, 1969.41
2806, 1715.69, 508.969, 192.508, 1969.41
2807, 1716.66, 508.969, 192.55, 1970.36
2808, 1716.66, 508.969, 192.55, 1970.36
2809, 1718.24, 508.969, 192.571, 1971.06
2810, 1718.24, 509.969, 192.571, 1971.06
2811, 1718.24, 509.969, 192.571, 1971.06
2812, 1718.25, 509.969, 192.571, 1971.06
2813, 1718.25, 509.969, 192.571, 1971.06
2814, 1719.86, 509.969, 192.59, 1972.31
2815, 1719.86, 510.971, 192.59, 1972.31
2816, 1721.75, 510.971, 192.629, 1973.97
2817, 1721.75, 510.971, 192.629, 1973.97
2818, 1721.78, 510.971, 194.53, 1974.04
2819, 1721.78, 510.971, 194.53, 1974.04
2820, 1722.88, 510.971, 194.548, 1975.68
2821, 1722.88, 511.97, 194.548, 1975.68
2822, 1722.88, 511.97, 194.548, 1975.68
2823, 1723.45, 511.97, 194.588, 1976.65
2824, 1723.45, 511.97, 194.588, 1976.65
2825, 1723.94, 511.97, 194.588, 1976.65
2826, 1723.94, 512.97, 194.588, 1976.65
2827, 1723.94, 512.97, 194.588, 1976.65
2828, 1724.63, 512.97, 194.63, 1977.6
2829, 1724.63, 512.97, 194.63, 1977.6
2830, 1725.63, 512.97, 194.63, 1977.6
2831, 1725.63, 513.971, 194.63, 1977.6
2832, 1728.1, 513.971, 194.742, 1980.99
2833, 1728.1, 513.971, 194.742, 1980.99
2834, 1728.94, 513.971, 194.766, 1982.01
2835, 1728.94, 513.971, 194.766, 1982.01
2836, 1729.9, 513.971, 194.766, 1982.01
2837, 1729.9, 514.97, 194.766, 1982.01
2838, 1730.77, 514.97, 194.766, 1982.01
2839, 1730.77, 514.97, 194.766, 1982.01
2840, 1731.82, 514.97, 194.766, 1982.01
2841, 1731.82, 514.97, 194.766, 1982.01
2842, 1732.43, 514.97, 194.834, 1985.57
2843, 1732.43, 515.969, 194.834, 1985.57
2844, 1733.3, 515.969, 194.925, 1987.29
2845, 1733.3, 515.969, 194.925, 1987.29
2846, 1733.72, 515.969, 195.025, 1988.93
2847, 1733.72, 515.969, 195.025, 1988.93
2848, 1734.52, 515.969, 195.025, 1988.93
2849, 1734.52, 516.971, 195.025, 1988.93
2850, 1734.52, 516.971, 195.025, 1988.93
2851, 1735.31, 516.971, 195.043, 1989.37
2852, 1735.31, 516.971, 195.043, 1989.37
2853, 1736.78, 516.971, 195.043, 1989.37
2854, 1736.78, 517.97, 195.043, 1989.37
2855, 1738.3, 517.97, 195.124, 1990.93
2856, 1738.3, 517.97, 195.124, 1990.93
2857, 1738.37, 517.97, 195.669, 1992.08
2858, 1738.37, 517.97, 195.669, 1992.08
2859, 1739.73, 517.97, 195.669, 1992.08
2860, 1739.73, 518.97, 195.669, 1992.08
2861, 1740.49, 518.97, 195.69, 1993.3
2862, 1740.49, 518.97, 195.69, 1993.3
2863, 1740.54, 518.97, 196.576, 1993.4
2864, 1740.54, 518.97, 196.576, 1993.4
2865, 1741.91, 518.97, 196.661, 1997.63
2866, 1741.91, 519.971, 196.661, 1997.63
2867, 1741.91, 519.971, 196.661, 1997.63
2868, 1742.72, 519.971, 196.682, 1997.82
2869, 1742.72, 519.971, 196.682, 1997.82
2870, 1744.45, 519.971, 196.682, 1997.82
2871, 1744.45, 520.969, 196.682, 1997.82
2872, 1746.77, 520.969, 196.781, 1999.85
2873, 1746.77, 520.969, 196.781, 1999.85
2874, 1748.21, 520.969, 196.806, 2001.18
2875, 1748.21, 520.969, 196.806, 2001.18
2876, 1749.55, 520.969, 196.806, 2001.18
2877, 1749.55, 521.969, 196.806, 2001.18
2878, 1750.53, 521.969, 196.863, 2001.67
2879, 1750.53, 521.969, 196.863, 2001.67
2880, 1751.18, 521.969, 196.882, 2002.28
2881, 1751.18, 521.969, 196.882, 2002.28
2882, 1752.73, 521.969, 196.882, 2002.28
2883, 1752.73, 522.969, 196.882, 2002.28
2884, 1752.73, 522.969, 196.882, 2002.28
2885, 1754, 522.969, 196.882, 2002.28
2886, 1754, 522.969, 196.882, 2002.28
2887, 1755.62, 522.969, 196.913, 2006.22
2888, 1755.62, 523.971, 196.913, 2006.22
2889, 1756.81, 523.971, 196.913, 2006.22
2890, 1756.81, 523.971, 196.913, 2006.22
2891, 1757.31, 523.971, 196.987, 2008.81
2892, 1757.31, 523.971, 196.987, 2008.81
2893, 1758.74, 523.971, 197.008, 2009.19
2894, 1758.74, 524.969, 197.008, 2009.19
2895, 1758.74, 524.969, 197.008, 2009.19
2896, 1759.53, 524.969, 197.029, 2009.87
2897, 1759.53, 524.969, 197.029, 2009.87
2898, 1760.21, 524.969, 197.029, 2009.87
2899, 1760.21, 525.969, 197.029, 2009.87
2900, 1761.54, 525.969, 197.201, 2014.11
2901, 1761.54, 525.969, 197.201, 2014.11
2902, 1762.13, 525.969, 197.201, 2014.11
2903, 1762.13, 525.969, 197.201, 2014.11
2904, 1763.48, 525.969, 197.217, 2016.79
2905, 1763.48, 526.971, 197.217, 2016.79
2906, 1764.33, 526.971, 197.235, 2017.66
2907, 1764.33, 526.971, 197.235, 2017.66
2908, 1765.3, 526.971, 197.235, 2017.66
2909, 1765.3, 526.971, 197.235, 2017.66
2910, 1765.83, 526.971, 197.235, 2017.66
2911, 1765.83, 527.97, 197.235, 2017.66
2912, 1765.83, 527.97, 197.235, 2017.66
2913, 1766.75, 527.97, 197.255, 2021.18
2914, 1766.75, 527.97, 197.255, 2021.18
2915, 1768.11, 527.97, 197.255, 2021.18
2916, 1768.11, 528.969, 197.255, 2021.18
2917, 1768.31, 528.969, 197.255, 2021.78
2918, 1768.31, 528.969, 197.255, 2021.78
2919, 1769.27, 528.969, 197.274, 2022.76
2920, 1769.27, 528.969, 197.274, 2022.76
2921, 1770.43, 528.969, 197.297, 2025.72
2922, 1770.43, 529.969, 197.297, 2025.72
2923, 1771.12, 529.969, 199.138, 2025.76
2924, 1771.12, 529.969, 199.138, 2025.76
2925, 1772.92, 529.969, 199.161, 2025.76
2926, 1772.92, 529.969, 199.161, 2025.76
2927, 1773.6, 529.969, 199.161, 2025.76
2928, 1773.6, 530.969, 199.161, 2025.76
2929, 1774.88, 530.969, 199.2, 2027.3
2930, 1774.88, 530.969, 199.2, 2027.3
2931, 1776.81, 530.969, 199.238, 2028.42
2932, 1776.81, 530.969, 199.238, 2028.42
2933, 1777.79, 530.969, 199.238, 2028.42
2934, 1777.79, 531.969, 199.238, 2028.42
2935, 1778.16, 531.969, 199.285, 2029.24
2936, 1778.16, 531.969, 199.285, 2029.24
2937, 1779.6, 531.969, 199.306, 2030.49
2938, 1779.6, 531.969, 199.306, 2030.49
2939, 1780.46, 531.969, 199.306, 2030.49
2940, 1780.46, 532.971, 199.306, 2030.49
2941, 1780.93, 532.971, 199.33, 2031.51
2942, 1780.93, 532.971, 199.33, 2031.51
2943, 1782.66, 532.971, 199.346, 2033.01
2944, 1782.66, 532.971, 199.346, 2033.01
2945, 1783.66, 532.971, 199.346, 2033.01
2946, 1783.66, 533.969, 199.346, 2033.01
2947, 1784.02, 533.969, 199.384, 2034.29
2948, 1784.02, 533.969, 199.384, 2034.29
2949, 1785.7, 533.969, 199.404, 2034.61
2950, 1785.7, 533.969, 199.404, 2034.61
2951, 1786.32, 533.969, 199.425, 2039.25
2952, 1786.32, 534.971, 199.425, 2039.25
2953, 1786.32, 534.971, 199.425, 2039.25
2954, 1787.75, 534.971, 199.453, 2040.58
2955, 1787.75, 534.971, 199.453, 2040.58
2956, 1788.44, 534.971, 199.47, 2041.22
2957, 1788.44, 535.97, 199.47, 2041.22
2958, 1790.67, 535.97, 199.489, 2043.28
2959, 1790.67, 535.97, 199.489, 2043.28
2960, 1792.26, 535.97, 199.589, 2044.42
2961, 1792.26, 535.97, 199.589, 2044.42
2962, 1793, 535.97, 199.589, 2045.88
2963, 1793, 536.972, 199.589, 2045.88
2964, 1794.88, 536.972, 199.626, 2046.68
2965, 1794.88, 536.972, 199.626, 2046.68
2966, 1796.24, 536.972, 199.626, 2046.68
2967, 1796.24, 536.972, 199.626, 2046.68
2968, 1796.25, 536.972, 199.626, 2046.68
2969, 1796.25, 537.97, 199.626, 2046.68
2970, 1798.08, 537.97, 199.626, 2046.68
2971, 1798.08, 537.97, 199.626, 2046.68
2972, 1799.69, 537.97, 199.626, 2046.68
2973, 1799.69, 537.97, 199.626, 2046.68
2974, 1799.91, 537.97, 201.345, 2046.71
2975, 1799.91, 538.969, 201.345, 2046.71
2976, 1801.62, 538.969, 201.345, 2046.71
2977, 1801.62, 538.969, 201.345, 2046.71
2978, 1803.49, 538.969, 201.363, 2049.47
2979, 1803.49, 538.969, 201.363, 2049.47
2980, 1804.51, 538.969, 201.38, 2050.05
2981, 1804.51, 539.972, 201.38, 2050.05
2982, 1806.28, 539.972, 201.417, 2052.84
2983, 1806.28, 539.972, 201.417, 2052.84
2984, 1807.41, 539.972, 201.417, 2052.84
2985, 1807.41, 539.972, 201.417, 2052.84
2986, 1808.24, 539.972, 201.417, 2052.84
2987, 1808.24, 540.969, 201.417, 2052.84
2988, 1810.18, 540.969, 201.502, 2053.87
2989, 1810.18, 540.969, 201.502, 2053.87
2990, 1811.58, 540.969, 201.502, 2053.87
2991, 1811.58, 540.969, 201.502, 2053.87
2992, 1812.16, 540.969, 201.543, 2056.15
2993, 1812.16, 541.97, 201.543, 2056.15
2994, 1813.79, 541.97, 201.622, 2057.12
2995, 1813.79, 541.97, 201.622, 2057.12
2996, 1815.38, 541.97, 201.681, 2060.31
2997, 1815.38, 541.97, 201.681, 2060.31
2998, 1816.46, 541.97, 201.7, 2061.66
2999, 1816.46, 542.969, 201.7, 2061.66
3000, 1817.12, 542.969, 201.741, 2062.41
3001, 1817.12, 542.969, 201.741, 2062.41
3002, 1818.48, 542.969, 201.81, 2062.97
3003, 1818.48, 542.969, 201.81, 2062.97
3004, 1818.89, 542.969, 201.81, 2062.97
3005, 1818.89, 543.972, 201.81, 2062.97
3006, 1820.11, 543.972, 201.835, 2064.15
3007, 1820.11, 543.972, 201.835, 2064.15
3008, 1820.73, 543.972, 201.857, 2065.19
3009, 1820.73, 543.972, 201.857, 2065.19
3010, 1821.92, 543.972, 201.857, 2065.19
3011, 1821.92, 544.971, 201.857, 2065.19
3012, 1823.54, 544.971, 201.877, 2066.04
3013, 1823.54, 544.971, 201.877, 2066.04
3014, 1825, 544.971, 201.899, 2066.86
3015, 1825, 544.971, 201.899, 2066.86
3016, 1826.27, 544.971, 201.899, 2066.86
3017, 1826.27, 545.972, 201.899, 2066.86
3018, 1826.97, 545.972, 201.928, 2067.58
3019, 1826.97, 545.972, 201.928, 2067.58
3020, 1828.6, 545.972, 201.951, 2069.05
3021, 1828.6, 545.972, 201.951, 2069.05
3022, 1829.08, 545.972, 201.951, 2069.05
3023, 1829.08, 546.969, 201.951, 2069.05
3024, 1830.5, 546.969, 201.992, 2070.34
3025, 1830.5, 546.969, 201.992, 2070.34
3026, 1832.15, 546.969, 201.992, 2070.34
3027, 1832.15, 546.969, 201.992, 2070.34
3028, 1832.63, 546.969, 202.01, 2074.75
3029, 1832.63, 547.971, 202.01, 2074.75
3030, 1833.38, 547.971, 202.05, 2075.67
3031, 1833.38, 547.971, 202.05, 2075.67
3032, 1834.93, 547.971, 202.087, 2077.13
3033, 1834.93, 547.971, 202.087, 2077.13
3034, 1835.64, 547.971, 202.087, 2077.13
3035, 1835.64, 548.971, 202.087, 2077.13
3036, 1836.61, 548.971, 202.139, 2078.27
3037, 1836.61, 548.971, 202.139, 2078.27
3038, 1838.15, 548.971, 202.159, 2078.88
3039, 1838.15, 548.971, 202.159, 2078.88
3040, 1839.79, 548.971, 202.201, 2081.54
3041, 1839.79, 549.969, 202.201, 2081.54
3042, 1841, 549.969, 202.241, 2082.38
3043, 1841, 549.969, 202.241, 2082.38
3044, 1842.61, 549.969, 202.262, 2083.63
3045, 1842.61, 549.969, 202.262, 2083.63
3046, 1843.36, 549.969, 202.262, 2083.63
3047, 1843.36, 550.969, 202.262, 2083.63
3048, 1843.36, 550.969, 202.262, 2083.63
3049, 1844.59, 550.969, 202.322, 2085.07
3050, 1844.59, 550.969, 202.322, 2085.07
3051, 1845.55, 550.969, 202.322, 2085.07
3052, 1845.55, 551.969, 202.322, 2085.07
3053, 1847.37, 551.969, 202.365, 2086.93
3054, 1847.37, 551.969, 202.365, 2086.93
3055, 1848.93, 551.969, 202.384, 2087.71
3056, 1848.93, 551.969, 202.384, 2087.71
3057, 1849.93, 551.969, 202.384, 2087.71
3058, 1849.93, 552.969, 202.384, 2087.71
3059, 1850.1, 552.969, 202.406, 2088.15
3060, 1850.1, 552.969, 202.406, 2088.15
3061, 1851.4, 552.969, 202.426, 2088.85
3062, 1851.4, 552.969, 202.426, 2088.85
3063, 1852.04, 552.969, 202.426, 2088.85
3064, 1852.04, 553.971, 202.426, 2088.85
3065, 1852.06, 553.971, 204.206, 2088.89
3066, 1852.06, 553.971, 204.206, 2088.89
3067, 1853.21, 553.971, 204.206, 2088.89
3068, 1853.21, 553.971, 204.206, 2088.89
3069, 1854.18, 553.971, 204.206, 2088.89
3070, 1854.18, 554.972, 204.206, 2088.89
3071, 1854.87, 554.972, 204.268, 2089.5
3072, 1854.87, 554.972, 204.268, 2089.5
3073, 1855.86, 554.972, 204.288, 2091.67
3074, 1855.86, 554.972, 204.288, 2091.67
3075, 1857.06, 554.972, 204.288, 2091.67
3076, 1857.06, 555.97, 204.288, 2091.67
3077, 1857.91, 555.97, 204.349, 2092.29
3078, 1857.91, 555.97, 204.349, 2092.29
3079, 1859.4, 555.97, 204.384, 2093.17
3080, 1859.4, 555.97, 204.384, 2093.17
3081, 1860.16, 555.97, 204.384, 2093.17
3082, 1860.16, 556.97, 204.384, 2093.17
3083, 1860.16, 556.97, 204.384, 2093.17
3084, 1861.76, 556.97, 204.384, 2093.17
3085, 1861.76, 556.97, 204.384, 2093.17
3086, 1862.92, 556.97, 204.408, 2100.53
3087, 1862.92, 557.97, 204.408, 2100.53
3088, 1864.43, 557.97, 204.464, 2102.17
3089, 1864.43, 557.97, 204.464, 2102.17
3090, 1866.09, 557.97, 204.504, 2104.23
3091, 1866.09, 557.97, 204.504, 2104.23
3092, 1866.8, 557.97, 204.504, 2104.23
3093, 1866.8, 558.97, 204.504, 2104.23
3094, 1867.27, 558.97, 204.549, 2105.77
3095, 1867.27, 558.97, 204.549, 2105.77
3096, 1868.84, 558.97, 204.61, 2107.11
3097, 1868.84, 558.97, 204.61, 2107.11
3098, 1869.46, 558.97, 204.636, 2109.76
3099, 1869.46, 559.97, 204.636, 2109.76
3100, 1869.95, 559.97, 204.636, 2110.62
3101, 1869.95, 559.97, 204.636, 2110.62
3102, 1871.53, 559.97, 204.677, 2111.36
3103, 1871.53, 559.97, 204.677, 2111.36
3104, 1872.67, 559.97, 204.697, 2111.98
3105, 1872.67, 560.969, 204.697, 2111.98
3106, 1872.67, 560.969, 204.697, 2111.98
3107, 1873.33, 560.969, 204.741, 2112.32
3108, 1873.33, 560.969, 204.741, 2112.32
3109, 1874.28, 560.969, 204.741, 2112.32
3110, 1874.28, 561.972, 204.741, 2112.32
3111, 1874.67, 561.972, 206.542, 2112.7
3112, 1874.67, 561.972, 206.542, 2112.7
3113, 1875.33, 561.972, 206.542, 2112.7
3114, 1875.33, 561.972, 206.542, 2112.7
3115, 1876.41, 561.972, 206.583, 2115.04
3116, 1876.41, 562.972, 206.583, 2115.04
3117, 1878.04, 562.972, 206.622, 2115.66
3118, 1878.04, 562.972, 206.622, 2115.66
3119, 1879.56, 562.972, 206.641, 2118.35
3120, 1879.56, 562.972, 206.641, 2118.35
3121, 1880.17, 562.972, 206.641, 2118.35
3122, 1880.17, 563.97, 206.641, 2118.35
3123, 1880.17, 563.97, 206.641, 2118.35
3124, 1882.02, 563.97, 206.675, 2119.22
3125, 1882.02, 563.97, 206.675, 2119.22
3126, 1883.12, 563.97, 206.694, 2120.98
3127, 1883.12, 564.969, 206.694, 2120.98
3128, 1884.95, 564.969, 206.73, 2123.37
3129, 1884.95, 564.969, 206.73, 2123.37
3130, 1886.79, 564.969, 206.768, 2124.49
3131, 1886.79, 564.969, 206.768, 2124.49
3132, 1887.6, 564.969, 206.808, 2125.66
3133, 1887.6, 565.969, 206.808, 2125.66
3134, 1888.37, 565.969, 206.827, 2126.56
3135, 1888.37, 565.969, 206.827, 2126.56
3136, 1890.79, 565.969, 206.844, 2127.37
3137, 1890.79, 565.969, 206.844, 2127.37
3138, 1891.27, 565.969, 206.925, 2128.01
3139, 1891.27, 566.969, 206.925, 2128.01
3140, 1891.27, 566.969, 206.925, 2128.01
3141, 1893.69, 566.969, 206.942, 2128.51
3142, 1893.69, 566.969, 206.942, 2128.51
3143, 1894.08, 566.969, 206.958, 2129.73
3144, 1894.08, 567.97, 206.958, 2129.73
3145, 1894.59, 567.97, 207.331, 2131.54
3146, 1894.59, 567.97, 207.331, 2131.54
3147, 1895.35, 567.97, 207.372, 2133.1
3148, 1895.35, 567.97, 207.372, 2133.1
3149, 1895.77, 567.97, 207.392, 2133.44
3150, 1895.77, 568.97, 207.392, 2133.44
3151, 1895.77, 568.97, 207.392, 2133.44
3152, 1896.65, 568.97, 207.392, 2133.44
3153, 1896.65, 568.97, 207.392, 2133.44
3154, 1897.24, 568.97, 207.392, 2133.44
3155, 1897.24, 569.969, 207.392, 2133.44
3156, 1898.75, 569.969, 207.805, 2134.95
3157, 1898.75, 569.969, 207.805, 2134.95
3158, 1900.27, 569.969, 207.83, 2136.71
3159, 1900.27, 569.969, 207.83, 2136.71
3160, 1900.53, 569.969, 207.955, 2138.67
3161, 1900.53, 570.969, 207.955, 2138.67
3162, 1901.44, 570.969, 207.976, 2139.03
3163, 1901.44, 570.969, 207.976, 2139.03
3164, 1902.19, 570.969, 208.045, 2140.07
3165, 1902.19, 570.969, 208.045, 2140.07
3166, 1902.9, 570.969, 208.064, 2140.93
3167, 1902.9, 571.971, 208.064, 2140.93
3168, 1902.9, 571.971, 208.064, 2140.93
3169, 1903.7, 571.971, 208.064, 2140.93
3170, 1903.7, 571.971, 208.064, 2140.93
3171, 1904.13, 571.971, 208.121, 2142.01
3172, 1904.13, 572.971, 208.121, 2142.01
3173, 1905.35, 572.971, 208.133, 2142.9
3174, 1905.35, 572.971, 208.133, 2142.9
3175, 1906.29, 572.971, 208.133, 2145.12
3176, 1906.29, 572.971, 208.133, 2145.12
3177, 1907.33, 572.971, 208.149, 2146.44
3178, 1907.33, 573.97, 208.149, 2146.44
3179, 1908.28, 573.97, 208.189, 2149.1
3180, 1908.28, 573.97, 208.189, 2149.1
3181, 1908.78, 573.97, 208.21, 2150.09
3182, 1908.78, 573.97, 208.21, 2150.09
3183, 1909.64, 573.97, 208.21, 2150.09
3184, 1909.64, 574.97, 208.21, 2150.09
3185, 1909.64, 574.97, 208.21, 2150.09
3186, 1910.15, 574.97, 208.269, 2150.56
3187, 1910.15, 574.97, 208.269, 2150.56
3188, 1910.47, 574.97, 208.269, 2150.56
3189, 1910.47, 575.97, 208.269, 2150.56
3190, 1912.52, 575.97, 208.287, 2151.57
3191, 1912.52, 575.97, 208.287, 2151.57
3192, 1913.55, 575.97, 208.287, 2151.57
3193, 1913.55, 575.97, 208.287, 2151.57
3194, 1914.47, 575.97, 208.287, 2151.57
3195, 1914.47, 576.971, 208.287, 2151.57
3196, 1915.6, 576.971, 208.344, 2153.31
3197, 1915.6, 576.971, 208.344, 2153.31
3198, 1916.71, 576.971, 208.344, 2153.31
3199, 1916.71, 576.971, 208.344, 2153.31
3200, 1917.22, 576.971, 208.363, 2156.79
3201, 1917.22, 577.97, 208.363, 2156.79
3202, 1918.1, 577.97, 208.411, 2158.14
3203, 1918.1, 577.97, 208.411, 2158.14
3204, 1918.81, 577.97, 208.411, 2158.14
3205, 1918.81, 577.97, 208.411, 2158.14
3206, 1919.77, 577.97, 208.434, 2159.5
3207, 1919.77, 578.97, 208.434, 2159.5
3208, 1920.74, 578.97, 208.513, 2160.41
3209, 1920.74, 578.97, 208.513, 2160.41
3210, 1921.4, 578.97, 208.534, 2164.84
3211, 1921.4, 578.97, 208.534, 2164.84
3212, 1921.74, 578.97, 208.534, 2166.22
3213, 1921.74, 579.971, 208.534, 2166.22
3214, 1921.74, 579.971, 208.534, 2166.22
3215, 1921.79, 579.971, 208.555, 2166.26
3216, 1921.79, 579.971, 208.555, 2166.26
3217, 1922.21, 579.971, 208.579, 2166.26
3218, 1922.21, 580.971, 208.579, 2166.26
3219, 1923.51, 580.971, 208.68, 2167.98
3220, 1923.51, 580.971, 208.68, 2167.98
3221, 1923.55, 580.971, 210.444, 2168.08
3222, 1923.55, 580.971, 210.444, 2168.08
3223, 1923.65, 580.971, 210.486, 2169.67
3224, 1923.65, 581.97, 210.486, 2169.67
3225, 1923.89, 581.97, 210.505, 2170.23
3226, 1923.89, 581.97, 210.505, 2170.23
3227, 1924.82, 581.97, 210.573, 2171.23
3228, 1924.82, 581.97, 210.573, 2171.23
3229, 1924.83, 581.97, 210.573, 2171.23
3230, 1924.83, 582.971, 210.573, 2171.23
3231, 1924.83, 582.971, 210.573, 2171.23
3232, 1924.83, 582.971, 210.573, 2171.23
3233, 1926.3, 582.971, 210.592, 2171.9
3234, 1926.3, 582.971, 210.592, 2171.9
3235, 1926.61, 582.971, 212.258, 2172.56
3236, 1926.61, 583.972, 212.258, 2172.56
3237, 1926.77, 583.972, 214.228, 2172.67
3238, 1926.77, 583.972, 214.228, 2172.67
3239, 1927.77, 583.972, 214.228, 2172.67
3240, 1927.77, 583.972, 214.228, 2172.67
3241, 1928.98, 583.972, 214.228, 2172.67
3242, 1928.98, 584.969, 214.228, 2172.67
3243, 1928.98, 584.969, 214.228, 2172.67
3244, 1929.73, 584.969, 214.271, 2174.63
3245, 1929.73, 584.969, 214.271, 2174.63
3246, 1930.27, 584.969, 214.271, 2174.63
3247, 1930.27, 585.97, 214.271, 2174.63
3248, 1930.27, 585.97, 214.271, 2174.63
3249, 1931.53, 585.97, 214.336, 2175.18
3250, 1931.53, 585.97, 214.336, 2175.18
3251, 1932.24, 585.97, 214.336, 2175.18
3252, 1932.24, 586.971, 214.336, 2175.18
3253, 1932.24, 586.971, 214.336, 2175.18
3254, 1932.77, 586.971, 214.377, 2176.74
3255, 1932.77, 586.971, 214.377, 2176.74
3256, 1933.23, 586.971, 214.395, 2180.68
3257, 1933.23, 587.972, 214.395, 2180.68
3258, 1933.23, 587.972, 214.395, 2180.68
3259, 1933.7, 587.972, 214.62, 2181.3
3260, 1933.7, 587.972, 214.62, 2181.3
3261, 1934.67, 587.972, 214.66, 2182.06
3262, 1934.67, 588.971, 214.66, 2182.06
3263, 1934.67, 588.971, 214.66, 2182.06
3264, 1935.25, 588.971, 214.764, 2183.21
3265, 1935.25, 588.971, 214.764, 2183.21
3266, 1935.97, 588.971, 214.764, 2183.21
3267, 1935.97, 589.97, 214.764, 2183.21
3268, 1942.84, 589.97, 214.989, 2188.92
3269, 1942.84, 589.97, 214.989, 2188.92
3270, 1943.47, 589.97, 215.099, 2189.46
3271, 1943.47, 589.97, 215.099, 2189.46
3272, 1944.63, 589.97, 215.099, 2189.46
3273, 1944.63, 590.971, 215.099, 2189.46
3274, 1945.73, 590.971, 215.14, 2190.65
3275, 1945.73, 590.971, 215.14, 2190.65
3276, 1946.08, 590.971, 215.538, 2191.62
3277, 1946.08, 590.971, 215.538, 2191.62
3278, 1946.72, 590.971, 215.538, 2191.62
3279, 1946.72, 591.971, 215.538, 2191.62
3280, 1946.72, 591.971, 215.538, 2191.62
3281, 1946.93, 591.971, 215.574, 2191.64
3282, 1946.93, 591.971, 215.574, 2191.64
3283, 1948.06, 591.971, 215.636, 2195.62
3284, 1948.06, 592.971, 215.636, 2195.62
3285, 1948.06, 592.971, 215.636, 2195.62
3286, 1948.96, 592.971, 215.675, 2197.4
3287, 1948.96, 592.971, 215.675, 2197.4
3288, 1949.53, 592.971, 215.739, 2198.5
3289, 1949.53, 593.971, 215.739, 2198.5
3290, 1952.44, 593.971, 215.869, 2201.11
3291, 1952.44, 593.971, 215.869, 2201.11
3292, 1953.09, 593.971, 215.928, 2201.53
3293, 1953.09, 593.971, 215.928, 2201.53
3294, 1954.18, 593.971, 215.946, 2201.77
3295, 1954.18, 594.971, 215.946, 2201.77
3296, 1954.52, 594.971, 216.02, 2203.26
3297, 1954.52, 594.971, 216.02, 2203.26
3298, 1955.44, 594.971, 216.064, 2204.69
3299, 1955.44, 594.971, 216.064, 2204.69
3300, 1956.52, 594.971, 216.064, 2204.69
3301, 1956.52, 595.97, 216.064, 2204.69
3302, 1956.52, 595.97, 216.064, 2204.69
3303, 1957.28, 595.97, 216.085, 2205.25
3304, 1957.28, 595.97, 216.085, 2205.25
3305, 1958.11, 595.97, 216.119, 2207.9
3306, 1958.11, 596.971, 216.119, 2207.9
3307, 1958.11, 596.971, 216.119, 2207.9
3308, 1958.76, 596.971, 216.139, 2209.26
3309, 1958.76, 596.971, 216.139, 2209.26
3310, 1959.76, 596.971, 216.139, 2209.26
3311, 1959.76, 597.97, 216.139, 2209.26
3312, 1962.04, 597.97, 216.34, 2212.03
3313, 1962.04, 597.97, 216.34, 2212.03
3314, 1962.57, 597.97, 216.34, 2212.03
3315, 1962.57, 597.97, 216.34, 2212.03
3316, 1963.35, 597.97, 216.34, 2212.03
3317, 1963.35, 598.971, 216.34, 2212.03
3318, 1963.35, 598.971, 216.34, 2212.03
3319, 1963.84, 598.971, 216.362, 2214.21
3320, 1963.84, 598.971, 216.362, 2214.21
3321, 1964.37, 598.971, 216.426, 2216.63
3322, 1964.37, 599.969, 216.426, 2216.63
3323, 1966.33, 599.969, 216.6, 2218.47
3324, 1966.33, 599.969, 216.6, 2218.47
3325, 1966.66, 599.969, 216.645, 2219.25
3326, 1966.66, 599.969, 216.645, 2219.25
3327, 1967.57, 599.969, 216.645, 2219.25
3328, 1967.57, 600.97, 216.645, 2219.25
3329, 1968.97, 600.97, 216.707, 2220.27
3330, 1968.97, 600.97, 216.707, 2220.27
3331, 1969.55, 600.97, 216.769, 2221.31
3332, 1969.55, 600.97, 216.769, 2221.31
3333, 1969.98, 600.97, 216.789, 2223.33
3334, 1969.98, 601.969, 216.789, 2223.33
3335, 1970.62, 601.969, 216.809, 2224.3
3336, 1970.62, 601.969, 216.809, 2224.3
3337, 1972.46, 601.969, 216.829, 2224.64
3338, 1972.46, 601.969, 216.829, 2224.64
3339, 1973.31, 601.969, 216.85, 2225.46
3340, 1973.31, 602.97, 216.85, 2225.46
3341, 1974.12, 602.97, 216.899, 2225.99
3342, 1974.12, 602.97, 216.899, 2225.99
3343, 1974.88, 602.97, 216.967, 2227.47
3344, 1974.88, 602.97, 216.967, 2227.47
3345, 1975.66, 602.97, 216.988, 2228.92
3346, 1975.66, 603.97, 216.988, 2228.92
3347, 1975.66, 603.97, 216.988, 2228.92
3348, 1976.76, 603.97, 217.008, 2229.66
3349, 1976.76, 603.97, 217.008, 2229.66
3350, 1978.27, 603.97, 217.032, 2230.28
3351, 1978.27, 604.973, 217.032, 2230.28
3352, 1979.14, 604.973, 217.13, 2232.21
3353, 1979.14, 604.973, 217.13, 2232.21
3354, 1979.6, 604.973, 217.152, 2233.49
3355, 1979.6, 604.973, 217.152, 2233.49
3356, 1980.25, 604.973, 217.152, 2233.49
3357, 1980.25, 605.969, 217.152, 2233.49
3358, 1980.25, 605.969, 217.152, 2233.49
3359, 1980.9, 605.969, 217.191, 2234.21
3360, 1980.9, 605.969, 217.191, 2234.21
3361, 1981.56, 605.969, 217.191, 2236.85
3362, 1981.56, 606.969, 217.191, 2236.85
3363, 1981.82, 606.969, 217.586, 2238.83
3364, 1981.82, 606.969, 217.586, 2238.83
3365, 1983.02, 606.969, 217.623, 2239.43
3366, 1983.02, 606.969, 217.623, 2239.43
3367, 1983.13, 606.969, 217.684, 2239.71
3368, 1983.13, 607.97, 217.684, 2239.71
3369, 1984.03, 607.97, 217.742, 2240.47
3370, 1984.03, 607.97, 217.742, 2240.47
3371, 1984.63, 607.97, 217.742, 2240.47
3372, 1984.63, 607.97, 217.742, 2240.47
3373, 1984.65, 607.97, 219.279, 2240.54
3374, 1984.65, 608.97, 219.279, 2240.54
3375, 1984.65, 608.97, 219.279, 2240.54
3376, 1985.26, 608.97, 219.299, 2242.73
3377, 1985.26, 608.97, 219.299, 2242.73
3378, 1985.86, 608.97, 219.397, 2242.73
3379, 1985.86, 609.97, 219.397, 2242.73
3380, 1985.86, 609.97, 219.397, 2242.73
3381, 1986.37, 609.97, 219.418, 2243.7
3382, 1986.37, 609.97, 219.418, 2243.7
3383, 1987.45, 609.97, 219.435, 2245.34
3384, 1987.45, 610.969, 219.435, 2245.34
3385, 1989.68, 610.969, 219.477, 2248.4
3386, 1989.68, 610.969, 219.477, 2248.4
3387, 1989.69, 610.969, 219.477, 2248.4
3388, 1989.69, 610.969, 219.477, 2248.4
3389, 1990.07, 610.969, 219.521, 2249.63
3390, 1990.07, 611.969, 219.521, 2249.63
3391, 1990.09, 611.969, 219.804, 2249.71
3392, 1990.09, 611.969, 219.804, 2249.71
3393, 1990.47, 611.969, 221.622, 2250.29
3394, 1990.47, 611.969, 221.622, 2250.29
3395, 1991.13, 611.969, 221.622, 2250.29
3396, 1991.13, 612.969, 221.622, 2250.29
3397, 1991.53, 612.969, 222.568, 2250.85
3398, 1991.53, 612.969, 222.568, 2250.85
3399, 1992.63, 612.969, 222.568, 2250.85
3400, 1992.63, 612.969, 222.568, 2250.85
3401, 1993.34, 612.969, 222.568, 2250.85
3402, 1993.34, 613.971, 222.568, 2250.85
3403, 1993.34, 613.971, 222.568, 2250.85
3404, 1994.23, 613.971, 222.568, 2252.97
3405, 1994.23, 613.971, 222.568, 2252.97
3406, 1995.27, 613.971, 222.593, 2255.23
3407, 1995.27, 614.969, 222.593, 2255.23
3408, 1995.27, 614.969, 222.593, 2255.23
3409, 1995.81, 614.969, 222.655, 2256.05
3410, 1995.81, 614.969, 222.655, 2256.05
3411, 1996.32, 614.969, 222.693, 2257.65
3412, 1996.32, 615.97, 222.693, 2257.65
3413, 1998.89, 615.97, 222.797, 2260.52
3414, 1998.89, 615.97, 222.797, 2260.52
3415, 1999.51, 615.97, 222.797, 2260.52
3416, 1999.51, 615.97, 222.797, 2260.52
3417, 2000.07, 615.97, 222.797, 2260.52
3418, 2000.07, 616.969, 222.797, 2260.52
3419, 2000.07, 616.969, 222.797, 2260.52
3420, 2000.55, 616.969, 222.857, 2262.4
3421, 2000.55, 616.969, 222.857, 2262.4
3422, 2001.03, 616.969, 222.88, 2263.54
3423, 2001.03, 617.97, 222.88, 2263.54
3424, 2001.03, 617.97, 222.88, 2263.54
3425, 2002.25, 617.97, 222.88, 2263.54
3426, 2002.25, 617.97, 222.88, 2263.54
3427, 2003.49, 617.97, 222.898, 2265.32
3428, 2003.49, 618.969, 222.898, 2265.32
3429, 2005.43, 618.969, 222.945, 2267.33
3430, 2005.43, 618.969, 222.945, 2267.33
3431, 2006.11, 618.969, 222.965, 2269.24
3432, 2006.11, 618.969, 222.965, 2269.24
3433, 2007.23, 618.969, 223.006, 2270.33
3434, 2007.23, 619.975, 223.006, 2270.33
3435, 2007.98, 619.975, 223.025, 2272.17
3436, 2007.98, 619.975, 223.025, 2272.17
3437, 2008.86, 619.975, 223.025, 2272.17
3438, 2008.86, 619.975, 223.025, 2272.17
3439, 2009.7, 619.975, 223.025, 2272.17
3440, 2009.7, 620.971, 223.025, 2272.17
3441, 2009.7, 620.971, 223.025, 2272.17
3442, 2011.02, 620.971, 223.067, 2274.37
3443, 2011.02, 620.971, 223.067, 2274.37
3444, 2011.62, 620.971, 223.085, 2275.67
3445, 2011.62, 621.969, 223.085, 2275.67
3446, 2011.62, 621.969, 223.085, 2275.67
3447, 2012.35, 621.969, 223.102, 2276.43
3448, 2012.35, 621.969, 223.102, 2276.43
3449, 2012.87, 621.969, 223.305, 2277.93
3450, 2012.87, 622.971, 223.305, 2277.93
3451, 2012.87, 622.971, 223.305, 2277.93
3452, 2013.95, 622.971, 223.305, 2277.93
3453, 2013.95, 622.971, 223.305, 2277.93
3454, 2014, 622.971, 223.835, 2278.22
3455, 2014, 623.969, 223.835, 2278.22
3456, 2019.08, 623.969, 223.915, 2279.84
3457, 2019.08, 623.969, 223.915, 2279.84
3458, 2019.73, 623.969, 223.991, 2281.84
3459, 2019.73, 623.969, 223.991, 2281.84
3460, 2020.35, 623.969, 223.991, 2281.84
3461, 2020.35, 624.972, 223.991, 2281.84
3462, 2020.35, 624.972, 223.991, 2281.84
3463, 2021.5, 624.972, 224.056, 2282.42
3464, 2021.5, 624.972, 224.056, 2282.42
3465, 2022.6, 624.972, 224.078, 2283.68
3466, 2022.6, 625.971, 224.078, 2283.68
3467, 2024.45, 625.971, 224.126, 2287.4
3468, 2024.45, 625.971, 224.126, 2287.4
3469, 2025.09, 625.971, 224.164, 2288.3
3470, 2025.09, 625.971, 224.164, 2288.3
3471, 2025.53, 625.971, 224.164, 2288.3
3472, 2025.53, 626.97, 224.164, 2288.3
3473, 2025.53, 626.97, 224.164, 2288.3
3474, 2026, 626.97, 224.215, 2289.69
3475, 2026, 626.97, 224.215, 2289.69
3476, 2026.51, 626.97, 224.252, 2292.43
3477, 2026.51, 627.973, 224.252, 2292.43
3478, 2026.51, 627.973, 224.252, 2292.43
3479, 2026.54, 627.973, 225.309, 2292.47
3480, 2026.54, 627.973, 225.309, 2292.47
3481, 2027.14, 627.973, 225.309, 2292.47
3482, 2027.14, 628.97, 225.309, 2292.47
3483, 2028.84, 628.97, 225.431, 2295.42
3484, 2028.84, 628.97, 225.431, 2295.42
3485, 2029.08, 628.97, 225.459, 2296.28
3486, 2029.08, 628.97, 225.459, 2296.28
3487, 2029.93, 628.97, 225.459, 2296.28
3488, 2029.93, 629.972, 225.459, 2296.28
3489, 2030.89, 629.972, 225.494, 2297.43
3490, 2030.89, 629.972, 225.494, 2297.43
3491, 2031.65, 629.972, 225.515, 2297.62
3492, 2031.65, 629.972, 225.515, 2297.62
3493, 2032.58, 629.972, 225.535, 2300.38
3494, 2032.58, 630.969, 225.535, 2300.38
3495, 2033.19, 630.969, 225.574, 2301.4
3496, 2033.19, 630.969, 225.574, 2301.4
3497, 2033.53, 630.969, 225.592, 2302.62
3498, 2033.53, 630.969, 225.592, 2302.62
3499, 2034.15, 630.969, 225.592, 2302.62
3500, 2034.15, 631.969, 225.592, 2302.62
3501, 2034.15, 631.969, 225.592, 2302.62
3502, 2034.88, 631.969, 225.592, 2304.3
3503, 2034.88, 631.969, 225.592, 2304.3
3504, 2036, 631.969, 225.605, 2306.63
3505, 2036, 632.97, 225.605, 2306.63
3506, 2036, 632.97, 225.605, 2306.63
3507, 2036.54, 632.97, 225.651, 2307.43
3508, 2036.54, 632.97, 225.651, 2307.43
3509, 2037.2, 632.97, 225.651, 2307.43
3510, 2037.2, 633.969, 225.651, 2307.43
3511, 2037.2, 633.969, 225.651, 2307.43
3512, 2037.74, 633.969, 225.669, 2308.19
3513, 2037.74, 633.969, 225.669, 2308.19
3514, 2038.82, 633.969, 225.669, 2308.19
3515, 2038.82, 634.969, 225.669, 2308.19
3516, 2038.82, 634.969, 225.669, 2308.19
3517, 2039.48, 634.969, 225.695, 2308.93
3518, 2039.48, 634.969, 225.695, 2308.93
3519, 2040.46, 634.969, 225.713, 2311.87
3520, 2040.46, 635.971, 225.713, 2311.87
3521, 2041.66, 635.971, 228.608, 2314.13
3522, 2041.66, 635.971, 228.608, 2314.13
3523, 2042.1, 635.971, 228.646, 2315.04
3524, 2042.1, 635.971, 228.646, 2315.04
3525, 2042.92, 635.971, 228.646, 2315.04
3526, 2042.92, 636.973, 228.646, 2315.04
3527, 2044.4, 636.973, 228.709, 2315.99
3528, 2044.4, 636.973, 228.709, 2315.99
3529, 2045.19, 636.973, 228.709, 2315.99
3530, 2045.19, 636.973, 228.709, 2315.99
3531, 2046.03, 636.973, 228.727, 2317.41
3532, 2046.03, 637.971, 228.727, 2317.41
3533, 2046.89, 637.971, 228.803, 2318.61
3534, 2046.89, 637.971, 228.803, 2318.61
3535, 2047.37, 637.971, 228.862, 2321.03
3536, 2047.37, 637.971, 228.862, 2321.03
3537, 2047.99, 637.971, 228.862, 2321.03
3538, 2047.99, 638.969, 228.862, 2321.03
3539, 2048.62, 638.969, 228.901, 2321.81
3540, 2048.62, 638.969, 228.901, 2321.81
3541, 2049.58, 638.969, 228.944, 2322.39
3542, 2049.58, 638.969, 228.944, 2322.39
3543, 2050.19, 638.969, 228.968, 2324.03
3544, 2050.19, 639.969, 228.968, 2324.03
3545, 2051.03, 639.969, 228.987, 2324.53
3546, 2051.03, 639.969, 228.987, 2324.53
3547, 2051.46, 639.969, 229.051, 2325.91
3548, 2051.46, 639.969, 229.051, 2325.91
3549, 2052.17, 639.969, 229.069, 2327.81
3550, 2052.17, 640.969, 229.069, 2327.81
3551, 2052.68, 640.969, 229.091, 2328.71
3552, 2052.68, 640.969, 229.091, 2328.71
3553, 2053.46, 640.969, 229.11, 2329.51
3554, 2053.46, 640.969, 229.11, 2329.51
3555, 2053.82, 640.969, 229.11, 2329.51
3556, 2053.82, 641.969, 229.11, 2329.51
3557, 2053.82, 641.969, 229.11, 2329.51
3558, 2054.13, 641.969, 229.262, 2330.6
3559, 2054.13, 641.969, 229.262, 2330.6
3560, 2054.89, 641.969, 229.28, 2332.59
3561, 2054.89, 642.969, 229.28, 2332.59
3562, 2054.89, 642.969, 229.28, 2332.59
3563, 2055.35, 642.969, 229.301, 2332.81
3564, 2055.35, 642.969, 229.301, 2332.81
3565, 2056.09, 642.969, 229.301, 2332.81
3566, 2056.09, 643.969, 229.301, 2332.81
3567, 2059.39, 643.969, 229.377, 2335.96
3568, 2059.39, 643.969, 229.377, 2335.96
3569, 2060.25, 643.969, 229.561, 2337.56
3570, 2060.25, 643.969, 229.561, 2337.56
3571, 2060.81, 643.969, 229.561, 2337.56
3572, 2060.81, 644.97, 229.561, 2337.56
3573, 2061.75, 644.97, 229.629, 2338.93
3574, 2061.75, 644.97, 229.629, 2338.93
3575, 2061.77, 644.97, 229.85, 2339.11
3576, 2061.77, 644.97, 229.85, 2339.11
3577, 2062.23, 644.97, 229.87, 2341.19
3578, 2062.23, 645.971, 229.87, 2341.19
3579, 2062.72, 645.971, 229.906, 2342.21
3580, 2062.72, 645.971, 229.906, 2342.21
3581, 2062.75, 645.971, 231.385, 2342.37
3582, 2062.75, 645.971, 231.385, 2342.37
3583, 2063.3, 645.971, 231.406, 2343.57
3584, 2063.3, 646.97, 231.406, 2343.57
3585, 2064.31, 646.97, 231.429, 2344.49
3586, 2064.31, 646.97, 231.429, 2344.49
3587, 2064.43, 646.97, 232.002, 2344.82
3588, 2064.43, 646.97, 232.002, 2344.82
3589, 2065.2, 646.97, 232.002, 2344.82
3590, 2065.2, 647.971, 232.002, 2344.82
3591, 2065.91, 647.971, 232.043, 2345.58
3592, 2065.91, 647.971, 232.043, 2345.58
3593, 2067.1, 647.971, 232.096, 2346.4
3594, 2067.1, 647.971, 232.096, 2346.4
3595, 2068.19, 647.971, 232.096, 2346.4
3596, 2068.19, 648.97, 232.096, 2346.4
3597, 2068.9, 648.97, 232.096, 2346.4
3598, 2068.9, 648.97, 232.096, 2346.4
3599, 2070.34, 648.97, 232.159, 2347.56
3600, 2070.34, 648.97, 232.159, 2347.56
3601, 2071.11, 648.97, 232.159, 2347.56
3602, 2071.11, 649.969, 232.159, 2347.56
3603, 2071.73, 649.969, 232.159, 2347.56
3604, 2071.73, 649.969, 232.159, 2347.56
3605, 2072.54, 649.969, 232.178, 2347.78
3606, 2072.54, 649.969, 232.178, 2347.78
3607, 2073.53, 649.969, 232.218, 2351.92
3608, 2073.53, 650.969, 232.218, 2351.92
3609, 2073.53, 650.969, 232.218, 2351.92
3610, 2074.24, 650.969, 232.238, 2352.82
3611, 2074.24, 650.969, 232.238, 2352.82
3612, 2074.93, 650.969, 232.238, 2352.82
3613, 2074.93, 651.971, 232.238, 2352.82
3614, 2075.04, 651.971, 233.435, 2355.62
3615, 2075.04, 651.971, 233.435, 2355.62
3616, 2076.31, 651.971, 233.435, 2355.62
3617, 2076.31, 651.971, 233.435, 2355.62
3618, 2077.11, 651.971, 233.477, 2357.86
3619, 2077.11, 652.97, 233.477, 2357.86
3620, 2077.26, 652.97, 233.496, 2359.08
3621, 2077.26, 652.97, 233.496, 2359.08
3622, 2078.06, 652.97, 233.496, 2359.08
3623, 2078.06, 652.97, 233.496, 2359.08
3624, 2078.43, 652.97, 233.496, 2359.08
3625, 2078.43, 653.971, 233.496, 2359.08
3626, 2078.43, 653.971, 233.496, 2359.08
3627, 2079.06, 653.971, 233.496, 2359.08
3628, 2079.06, 653.971, 233.496, 2359.08
3629, 2080.15, 653.971, 233.517, 2360.68
3630, 2080.15, 654.972, 233.517, 2360.68
3631, 2080.21, 654.972, 235.196, 2361.04
3632, 2080.21, 654.972, 235.196, 2361.04
3633, 2080.8, 654.972, 235.235, 2365.78
3634, 2080.8, 654.972, 235.235, 2365.78
3635, 2081.41, 654.972, 235.235, 2365.78
3636, 2081.41, 655.97, 235.235, 2365.78
3637, 2081.41, 655.97, 235.235, 2365.78
3638, 2081.86, 655.97, 235.25, 2366.1
3639, 2081.86, 655.97, 235.25, 2366.1
3640, 2082.5, 655.97, 235.25, 2366.1
3641, 2082.5, 656.971, 235.25, 2366.1
3642, 2082.5, 656.971, 235.25, 2366.1
3643, 2083.54, 656.971, 235.291, 2367.47
3644, 2083.54, 656.971, 235.291, 2367.47
3645, 2083.77, 656.971, 235.392, 2370.97
3646, 2083.77, 657.971, 235.392, 2370.97
3647, 2086.31, 657.971, 235.443, 2373.45
3648, 2086.31, 657.971, 235.443, 2373.45
3649, 2087.4, 657.971, 235.483, 2374.67
3650, 2087.4, 657.971, 235.483, 2374.67
3651, 2087.48, 657.971, 236.083, 2374.97
3652, 2087.48, 658.972, 236.083, 2374.97
3653, 2088.34, 658.972, 236.12, 2376.13
3654, 2088.34, 658.972, 236.12, 2376.13
3655, 2089.12, 658.972, 236.141, 2376.29
3656, 2089.12, 658.972, 236.141, 2376.29
3657, 2089.86, 658.972, 236.161, 2376.76
3658, 2089.86, 659.969, 236.161, 2376.76
3659, 2089.86, 659.969, 236.161, 2376.76
3660, 2090.3, 659.969, 236.221, 2378.5
3661, 2090.3, 659.969, 236.221, 2378.5
3662, 2091.01, 659.969, 236.247, 2379.45
3663, 2091.01, 660.971, 236.247, 2379.45
3664, 2093.01, 660.971, 236.282, 2381.72
3665, 2093.01, 660.971, 236.282, 2381.72
3666, 2094.26, 660.971, 236.32, 2382.52
3667, 2094.26, 660.971, 236.32, 2382.52
3668, 2094.99, 660.971, 236.32, 2382.52
3669, 2094.99, 661.97, 236.32, 2382.52
3670, 2095.72, 661.97, 236.386, 2383.54
3671, 2095.72, 661.97, 236.386, 2383.54
3672, 2096.54, 661.97, 236.404, 2384.51
3673, 2096.54, 661.97, 236.404, 2384.51
3674, 2097.13, 661.97, 236.422, 2386.51
3675, 2097.13, 662.97, 236.422, 2386.51
3676, 2098, 662.97, 236.488, 2387.39
3677, 2098, 662.97, 236.488, 2387.39
3678, 2098.69, 662.97, 236.506, 2388.09
3679, 2098.69, 662.97, 236.506, 2388.09
3680, 2099.2, 662.97, 236.563, 2389.55
3681, 2099.2, 663.97, 236.563, 2389.55
3682, 2100.39, 663.97, 236.623, 2390.53
3683, 2100.39, 663.97, 236.623, 2390.53
3684, 2100.91, 663.97, 236.67, 2391.42
3685, 2100.91, 663.97, 236.67, 2391.42
3686, 2101.5, 663.97, 236.67, 2391.42
3687, 2101.5, 664.973, 236.67, 2391.42
3688, 2101.5, 664.973, 236.67, 2391.42
3689, 2101.54, 664.973, 237.023, 2392.23
3690, 2101.54, 664.973, 237.023, 2392.23
3691, 2101.89, 664.973, 237.062, 2394.17
3692, 2101.89, 665.969, 237.062, 2394.17
3693, 2103.4, 665.969, 237.148, 2396.04
3694, 2103.4, 665.969, 237.148, 2396.04
3695, 2103.66, 665.969, 237.922, 2396.53
3696, 2103.66, 665.969, 237.922, 2396.53
3697, 2103.74, 665.969, 238.104, 2397.21
3698, 2103.74, 666.972, 238.104, 2397.21
3699, 2105.39, 666.972, 238.119, 2397.47
3700, 2105.39, 666.972, 238.119, 2397.47
3701, 2106.4, 666.972, 238.142, 2398.19
3702, 2106.4, 666.972, 238.142, 2398.19
3703, 2106.53, 666.972, 238.354, 2399.24
3704, 2106.53, 667.97, 238.354, 2399.24
3705, 2107.48, 667.97, 238.372, 2401.01
3706, 2107.48, 667.97, 238.372, 2401.01
3707, 2108.13, 667.97, 238.437, 2401.86
3708, 2108.13, 667.97, 238.437, 2401.86
3709, 2108.2, 667.97, 238.603, 2402.66
3710, 2108.2, 668.972, 238.603, 2402.66
3711, 2109, 668.972, 238.621, 2403.48
3712, 2109, 668.972, 238.621, 2403.48
3713, 2109.97, 668.972, 238.683, 2404.3
3714, 2109.97, 668.972, 238.683, 2404.3
3715, 2110.66, 668.972, 238.759, 2405.07
3716, 2110.66, 669.969, 238.759, 2405.07
3717, 2110.66, 669.969, 238.759, 2405.07
3718, 2111.26, 669.969, 238.759, 2405.07
3719, 2111.26, 669.969, 238.759, 2405.07
3720, 2112.65, 669.969, 238.778, 2405.74
3721, 2112.65, 670.974, 238.778, 2405.74
3722, 2116.04, 670.974, 238.861, 2407.5
3723, 2116.04, 670.974, 238.861, 2407.5
3724, 2116.96, 670.974, 238.955, 2409.96
3725, 2116.96, 670.974, 238.955, 2409.96
3726, 2118.09, 670.974, 238.955, 2409.96
3727, 2118.09, 671.97, 238.955, 2409.96
3728, 2119.19, 671.97, 238.977, 2411.04
3729, 2119.19, 671.97, 238.977, 2411.04
3730, 2119.23, 671.97, 239.661, 2411.23
3731, 2119.23, 671.97, 239.661, 2411.23
3732, 2120.02, 671.97, 239.704, 2413.44
3733, 2120.02, 672.971, 239.704, 2413.44
3734, 2120.61, 672.971, 239.704, 2413.44
3735, 2120.61, 672.971, 239.704, 2413.44
3736, 2120.7, 672.971, 240.434, 2413.66
3737, 2120.7, 672.971, 240.434, 2413.66
3738, 2120.97, 672.971, 240.495, 2414.56
3739, 2120.97, 673.969, 240.495, 2414.56
3740, 2122.38, 673.969, 240.54, 2416.32
3741, 2122.38, 673.969, 240.54, 2416.32
3742, 2123.61, 673.969, 240.54, 2416.32
3743, 2123.61, 673.969, 240.54, 2416.32
3744, 2124.68, 673.969, 240.562, 2417.38
3745, 2124.68, 674.969, 240.562, 2417.38
3746, 2126.17, 674.969, 240.562, 2417.38
3747, 2126.17, 674.969, 240.562, 2417.38
3748, 2126.72, 674.969, 240.838, 2419.27
3749, 2126.72, 674.969, 240.838, 2419.27
3750, 2127.98, 674.969, 240.856, 2420.22
3751, 2127.98, 675.969, 240.856, 2420.22
3752, 2128.95, 675.969, 240.872, 2422.1
3753, 2128.95, 675.969, 240.872, 2422.1
3754, 2130.05, 675.969, 240.914, 2422.86
3755, 2130.05, 675.969, 240.914, 2422.86
3756, 2130.64, 675.969, 240.914, 2422.86
3757, 2130.64, 676.97, 240.914, 2422.86
3758, 2131.01, 676.97, 240.951, 2424.16
3759, 2131.01, 676.97, 240.951, 2424.16
3760, 2132.04, 676.97, 240.969, 2424.84
3761, 2132.04, 676.97, 240.969, 2424.84
3762, 2132.73, 676.97, 240.969, 2424.84
3763, 2132.73, 677.969, 240.969, 2424.84
3764, 2132.73, 677.969, 240.969, 2424.84
3765, 2134.13, 677.969, 240.991, 2425.72
3766, 2134.13, 677.969, 240.991, 2425.72
3767, 2134.87, 677.969, 241.013, 2428.9
3768, 2134.87, 678.97, 241.013, 2428.9
3769, 2136.59, 678.97, 241.094, 2430.33
3770, 2136.59, 678.97, 241.094, 2430.33
3771, 2137.54, 678.97, 241.117, 2431.85
3772, 2137.54, 678.97, 241.117, 2431.85
3773, 2138.25, 678.97, 241.143, 2432.66
3774, 2138.25, 679.969, 241.143, 2432.66
3775, 2138.25, 679.969, 241.143, 2432.66
3776, 2138.89, 679.969, 241.156, 2433.44
3777, 2138.89, 679.969, 241.156, 2433.44
3778, 2139.13, 679.969, 241.235, 2434.16
3779, 2139.13, 680.97, 241.235, 2434.16
3780, 2140.73, 680.97, 241.326, 2436.47
3781, 2140.73, 680.97, 241.326, 2436.47
3782, 2141.39, 680.97, 241.347, 2437.25
3783, 2141.39, 680.97, 241.347, 2437.25
3784, 2141.54, 680.97, 241.498, 2438.3
3785, 2141.54, 681.97, 241.498, 2438.3
3786, 2142.68, 681.97, 241.517, 2439.56
3787, 2142.68, 681.97, 241.517, 2439.56
3788, 2143.14, 681.97, 241.554, 2440.44
3789, 2143.14, 681.97, 241.554, 2440.44
3790, 2143.87, 681.97, 241.576, 2440.7
3791, 2143.87, 682.971, 241.576, 2440.7
3792, 2143.87, 682.971, 241.576, 2440.7
3793, 2144.7, 682.971, 241.576, 2440.7
3794, 2144.7, 682.971, 241.576, 2440.7
3795, 2145.79, 682.971, 241.596, 2441.86
3796, 2145.79, 683.971, 241.596, 2441.86
3797, 2145.79, 683.971, 241.596, 2441.86
3798, 2145.86, 683.971, 241.613, 2443.64
3799, 2145.86, 683.971, 241.613, 2443.64
3800, 2146.54, 683.971, 241.613, 2443.64
3801, 2146.54, 684.969, 241.613, 2443.64
3802, 2148.88, 684.969, 241.721, 2446.53
3803, 2148.88, 684.969, 241.721, 2446.53
3804, 2148.93, 684.969, 243.323, 2446.55
3805, 2148.93, 684.969, 243.323, 2446.55
3806, 2149.8, 684.969, 243.323, 2446.55
3807, 2149.8, 685.972, 243.323, 2446.55
3808, 2150.34, 685.972, 243.449, 2446.79
3809, 2150.34, 685.972, 243.449, 2446.79
3810, 2151.34, 685.972, 243.515, 2447.79
3811, 2151.34, 685.972, 243.515, 2447.79
3812, 2152.02, 685.972, 243.579, 2451.38
3813, 2152.02, 686.97, 243.579, 2451.38
3814, 2152.97, 686.97, 243.655, 2452.85
3815, 2152.97, 686.97, 243.655, 2452.85
3816, 2153.81, 686.97, 243.712, 2453.75
3817, 2153.81, 686.97, 243.712, 2453.75
3818, 2154.63, 686.97, 243.755, 2454.47
3819, 2154.63, 687.969, 243.755, 2454.47
3820, 2154.63, 687.969, 243.755, 2454.47
3821, 2155.62, 687.969, 243.797, 2454.97
3822, 2155.62, 687.969, 243.797, 2454.97
3823, 2156.5, 687.969, 243.82, 2455.97
3824, 2156.5, 688.972, 243.82, 2455.97
3825, 2158.51, 688.972, 243.906, 2457.55
3826, 2158.51, 688.972, 243.906, 2457.55
3827, 2159.43, 688.972, 243.927, 2459.01
3828, 2159.43, 688.972, 243.927, 2459.01
3829, 2160.35, 688.972, 243.951, 2460.13
3830, 2160.35, 689.97, 243.951, 2460.13
3831, 2161.07, 689.97, 243.989, 2461.27
3832, 2161.07, 689.97, 243.989, 2461.27
3833, 2162.02, 689.97, 243.989, 2461.27
3834, 2162.02, 689.97, 243.989, 2461.27
3835, 2162.71, 689.97, 244.011, 2461.76
3836, 2162.71, 690.971, 244.011, 2461.76
3837, 2162.71, 690.971, 244.011, 2461.76
3838, 2163.67, 690.971, 244.035, 2462.94
3839, 2163.67, 690.971, 244.035, 2462.94
3840, 2164.28, 690.971, 244.059, 2464.06
3841, 2164.28, 691.97, 244.059, 2464.06
3842, 2166.46, 691.97, 244.157, 2466
3843, 2166.46, 691.97, 244.157, 2466
3844, 2167.11, 691.97, 244.157, 2466
3845, 2167.11, 691.97, 244.157, 2466
3846, 2167.37, 691.97, 244.335, 2467.24
3847, 2167.37, 692.971, 244.335, 2467.24
3848, 2167.37, 692.971, 244.335, 2467.24
3849, 2168.36, 692.971, 244.357, 2469.62
3850, 2168.36, 692.971, 244.357, 2469.62
3851, 2169.46, 692.971, 244.399, 2470.16
3852, 2169.46, 693.97, 244.399, 2470.16
3853, 2171.52, 693.97, 244.487, 2471.95
3854, 2171.52, 693.97, 244.487, 2471.95
3855, 2171.97, 693.97, 244.513, 2472.51
3856, 2171.97, 693.97, 244.513, 2472.51
3857, 2172.89, 693.97, 244.533, 2473.91
3858, 2172.89, 694.97, 244.533, 2473.91
3859, 2174.08, 694.97, 244.58, 2474.56
3860, 2174.08, 694.97, 244.58, 2474.56
3861, 2175.31, 694.97, 244.641, 2476.3
3862, 2175.31, 694.97, 244.641, 2476.3
3863, 2175.77, 694.97, 244.66, 2476.98
3864, 2175.77, 695.97, 244.66, 2476.98
3865, 2176.83, 695.97, 244.66, 2476.98
3866, 2176.83, 695.97, 244.66, 2476.98
3867, 2178.36, 695.97, 244.691, 2477.78
3868, 2178.36, 695.97, 244.691, 2477.78
3869, 2179.11, 695.97, 244.715, 2479.07
3870, 2179.11, 696.969, 244.715, 2479.07
3871, 2180.27, 696.969, 244.742, 2481.44
3872, 2180.27, 696.969, 244.742, 2481.44
3873, 2181.38, 696.969, 244.759, 2482
3874, 2181.38, 696.969, 244.759, 2482
3875, 2181.85, 696.969, 244.781, 2482.15
3876, 2181.85, 697.971, 244.781, 2482.15
3877, 2183.43, 697.971, 244.835, 2483.16
3878, 2183.43, 697.971, 244.835, 2483.16
3879, 2184.23, 697.971, 244.878, 2484.68
3880, 2184.23, 697.971, 244.878, 2484.68
3881, 2184.84, 697.971, 244.894, 2486.12
3882, 2184.84, 698.97, 244.894, 2486.12
3883, 2184.84, 698.97, 244.894, 2486.12
3884, 2185.7, 698.97, 244.914, 2486.4
3885, 2185.7, 698.97, 244.914, 2486.4
3886, 2186.27, 698.97, 244.933, 2487.42
3887, 2186.27, 699.97, 244.933, 2487.42
3888, 2189.45, 699.97, 244.984, 2488.79
3889, 2189.45, 699.97, 244.984, 2488.79
3890, 2189.79, 699.97, 244.984, 2488.79
3891, 2189.79, 699.97, 244.984, 2488.79
3892, 2190.34, 699.97, 245.004, 2489.95
3893, 2190.34, 700.969, 245.004, 2489.95
3894, 2191.82, 700.969, 245.058, 2491.4
3895, 2191.82, 700.969, 245.058, 2491.4
3896, 2192.34, 700.969, 245.058, 2493.95
3897, 2192.34, 700.969, 245.058, 2493.95
3898, 2193.04, 700.969, 245.081, 2494.43
3899, 2193.04, 701.969, 245.081, 2494.43
3900, 2194.07, 701.969, 245.102, 2495.61
3901, 2194.07, 701.969, 245.102, 2495.61
3902, 2194.08, 701.969, 245.102, 2495.61
3903, 2194.08, 701.969, 245.102, 2495.61
3904, 2194.8, 701.969, 245.125, 2496.91
3905, 2194.8, 702.972, 245.125, 2496.91
3906, 2195.36, 702.972, 245.143, 2497.61
3907, 2195.36, 702.972, 245.143, 2497.61
3908, 2195.47, 702.972, 247.033, 2497.65
3909, 2195.47, 702.972, 247.033, 2497.65
3910, 2196.39, 702.972, 247.033, 2497.65
3911, 2196.39, 703.971, 247.033, 2497.65
3912, 2196.39, 703.971, 247.033, 2497.65
3913, 2197.34, 703.971, 247.083, 2498.95
3914, 2197.34, 703.971, 247.083, 2498.95
3915, 2198.02, 703.971, 247.142, 2500.93
3916, 2198.02, 704.969, 247.142, 2500.93
3917, 2200.55, 704.969, 247.223, 2502.91
3918, 2200.55, 704.969, 247.223, 2502.91
3919, 2201.96, 704.969, 247.24, 2503.47
3920, 2201.96, 704.969, 247.24, 2503.47
3921, 2202.8, 704.969, 247.265, 2504.69
3922, 2202.8, 705.97, 247.265, 2504.69
3923, 2202.8, 705.97, 247.265, 2504.69
3924, 2203.7, 705.97, 247.32, 2505.98
3925, 2203.7, 705.97, 247.32, 2505.98
3926, 2203.98, 705.97, 247.36, 2506.41
3927, 2203.98, 706.97, 247.36, 2506.41
3928, 2205.34, 706.97, 247.413, 2508.42
3929, 2205.34, 706.97, 247.413, 2508.42
3930, 2206.05, 706.97, 247.425, 2508.89
3931, 2206.05, 706.97, 247.425, 2508.89
3932, 2207.08, 706.97, 247.425, 2508.89
3933, 2207.08, 707.969, 247.425, 2508.89
3934, 2208.46, 707.969, 247.45, 2509.27
3935, 2208.46, 707.969, 247.45, 2509.27
3936, 2209.06, 707.969, 247.469, 2510.17
3937, 2209.06, 707.969, 247.469, 2510.17
3938, 2210.08, 707.969, 247.469, 2510.17
3939, 2210.08, 708.973, 247.469, 2510.17
3940, 2210.71, 708.973, 247.469, 2510.17
3941, 2210.71, 708.973, 247.469, 2510.17
3942, 2211.96, 708.973, 247.486, 2510.91
3943, 2211.96, 708.973, 247.486, 2510.91
3944, 2212.93, 708.973, 247.523, 2514.46
3945, 2212.93, 709.97, 247.523, 2514.46
3946, 2213.86, 709.97, 247.545, 2516.91
3947, 2213.86, 709.97, 247.545, 2516.91
3948, 2214.19, 709.97, 247.545, 2516.91
3949, 2214.19, 709.97, 247.545, 2516.91
3950, 2215.11, 709.97, 247.545, 2516.91
3951, 2215.11, 710.969, 247.545, 2516.91
3952, 2215.11, 710.969, 247.545, 2516.91
3953, 2216.19, 710.969, 247.545, 2516.91
3954, 2216.19, 710.969, 247.545, 2516.91
3955, 2217.36, 710.969, 247.566, 2518.33
3956, 2217.36, 711.97, 247.566, 2518.33
3957, 2217.36, 711.97, 247.566, 2518.33
3958, 2218.4, 711.97, 247.566, 2518.33
3959, 2218.4, 711.97, 247.566, 2518.33
3960, 2219.56, 711.97, 247.589, 2519.85
3961, 2219.56, 712.971, 247.589, 2519.85
3962, 2219.56, 712.971, 247.589, 2519.85
3963, 2220.28, 712.971, 247.623, 2524.59
3964, 2220.28, 712.971, 247.623, 2524.59
3965, 2221.3, 712.971, 247.623, 2524.59
3966, 2221.3, 713.97, 247.623, 2524.59
3967, 2221.3, 713.97, 247.623, 2524.59
3968, 2222.27, 713.97, 247.645, 2525.14
3969, 2222.27, 713.97, 247.645, 2525.14
3970, 2223.4, 713.97, 247.645, 2525.14
3971, 2223.4, 714.972, 247.645, 2525.14
3972, 2226.36, 714.972, 247.901, 2530.18
3973, 2226.36, 714.972, 247.901, 2530.18
3974, 2227.26, 714.972, 247.901, 2530.18
3975, 2227.26, 714.972, 247.901, 2530.18
3976, 2227.75, 714.972, 247.914, 2532.36
3977, 2227.75, 715.969, 247.914, 2532.36
3978, 2228.31, 715.969, 247.977, 2533.24
3979, 2228.31, 715.969, 247.977, 2533.24
3980, 2228.54, 715.969, 248.124, 2535.23
3981, 2228.54, 715.969, 248.124, 2535.23
3982, 2229.62, 715.969, 248.145, 2537.01
3983, 2229.62, 716.969, 248.145, 2537.01
3984, 2230.46, 716.969, 248.145, 2537.01
3985, 2230.46, 716.969, 248.145, 2537.01
3986, 2231.19, 716.969, 248.177, 2537.82
3987, 2231.19, 716.969, 248.177, 2537.82
3988, 2232.17, 716.969, 248.199, 2538.28
3989, 2232.17, 717.973, 248.199, 2538.28
3990, 2233.02, 717.973, 248.245, 2539.98
3991, 2233.02, 717.973, 248.245, 2539.98
3992, 2233.57, 717.973, 248.245, 2539.98
3993, 2233.57, 717.973, 248.245, 2539.98
3994, 2233.69, 717.973, 248.684, 2540.94
3995, 2233.69, 718.97, 248.684, 2540.94
3996, 2234.39, 718.97, 248.721, 2541.82
3997, 2234.39, 718.97, 248.721, 2541.82
3998, 2235.32, 718.97, 248.738, 2543.66
3999, 2235.32, 718.97, 248.738, 2543.66
4000, 2235.95, 718.97, 248.76, 2544.12
4001, 2235.95, 719.972, 248.76, 2544.12
4002, 2236.62, 719.972, 248.8, 2545.12
4003, 2236.62, 719.972, 248.8, 2545.12
4004, 2237.48, 719.972, 248.862, 2546.52
4005, 2237.48, 719.972, 248.862, 2546.52
4006, 2238.49, 719.972, 248.88, 2547.26
4007, 2238.49, 720.969, 248.88, 2547.26
4008, 2238.49, 720.969, 248.88, 2547.26
4009, 2239.21, 720.969, 248.9, 2547.78
4010, 2239.21, 720.969, 248.9, 2547.78
4011, 2240.17, 720.969, 248.919, 2549.32
4012, 2240.17, 721.971, 248.919, 2549.32
4013, 2241.82, 721.971, 248.99, 2551.02
4014, 2241.82, 721.971, 248.99, 2551.02
4015, 2242.55, 721.971, 249.078, 2552.54
4016, 2242.55, 721.971, 249.078, 2552.54
4017, 2243.4, 721.971, 249.078, 2552.54
4018, 2243.4, 722.969, 249.078, 2552.54
4019, 2243.92, 722.969, 249.168, 2553.92
4020, 2243.92, 722.969, 249.168, 2553.92
4021, 2244.51, 722.969, 249.205, 2554.96
4022, 2244.51, 722.969, 249.205, 2554.96
4023, 2245.39, 722.969, 249.205, 2554.96
4024, 2245.39, 723.969, 249.205, 2554.96
4025, 2245.99, 723.969, 249.247, 2555.33
4026, 2245.99, 723.969, 249.247, 2555.33
4027, 2247.19, 723.969, 249.285, 2556.37
4028, 2247.19, 723.969, 249.285, 2556.37
4029, 2248.14, 723.969, 249.285, 2556.37
4030, 2248.14, 724.971, 249.285, 2556.37
4031, 2249.49, 724.971, 249.347, 2557.99
4032, 2249.49, 724.971, 249.347, 2557.99
4033, 2250.49, 724.971, 249.392, 2558.3
4034, 2250.49, 724.971, 249.392, 2558.3
4035, 2251.22, 724.971, 249.413, 2562.22
4036, 2251.22, 725.973, 249.413, 2562.22
4037, 2251.74, 725.973, 249.462, 2562.59
4038, 2251.74, 725.973, 249.462, 2562.59
4039, 2252.66, 725.973, 249.495, 2563.66
4040, 2252.66, 725.973, 249.495, 2563.66
4041, 2253.08, 725.973, 249.516, 2564.46
4042, 2253.08, 726.975, 249.516, 2564.46
4043, 2253.08, 726.975, 249.516, 2564.46
4044, 2254.44, 726.975, 249.572, 2565.41
4045, 2254.44, 726.975, 249.572, 2565.41
4046, 2255.48, 726.975, 249.612, 2566.55
4047, 2255.48, 727.969, 249.612, 2566.55
4048, 2255.48, 727.969, 249.612, 2566.55
4049, 2256.06, 727.969, 249.635, 2567.56
4050, 2256.06, 727.969, 249.635, 2567.56
4051, 2256.4, 727.969, 249.712, 2568.47
4052, 2256.4, 728.97, 249.712, 2568.47
4053, 2258.72, 728.97, 249.914, 2571.52
4054, 2258.72, 728.97, 249.914, 2571.52
4055, 2260.06, 728.97, 249.934, 2573
4056, 2260.06, 728.97, 249.934, 2573
4057, 2260.33, 728.97, 250.023, 2574.21
4058, 2260.33, 729.97, 250.023, 2574.21
4059, 2260.82, 729.97, 250.275, 2575.32
4060, 2260.82, 729.97, 250.275, 2575.32
4061, 2261.99, 729.97, 250.309, 2576.07
4062, 2261.99, 729.97, 250.309, 2576.07
4063, 2262.52, 729.97, 250.33, 2576.84
4064, 2262.52, 730.971, 250.33, 2576.84
4065, 2262.52, 730.971, 250.33, 2576.84
4066, 2263.07, 730.971, 250.351, 2577.36
4067, 2263.07, 730.971, 250.351, 2577.36
4068, 2263.54, 730.971, 250.482, 2578.59
4069, 2263.54, 731.97, 250.482, 2578.59
4070, 2264.38, 731.97, 251.23, 2579.24
4071, 2264.38, 731.97, 251.23, 2579.24
4072, 2265.27, 731.97, 251.25, 2580.92
4073, 2265.27, 731.97, 251.25, 2580.92
4074, 2265.34, 731.97, 251.859, 2581.09
4075, 2265.34, 732.971, 251.859, 2581.09
4076, 2265.87, 732.971, 251.938, 2582.37
4077, 2265.87, 732.971, 251.938, 2582.37
4078, 2267.32, 732.971, 251.973, 2582.96
4079, 2267.32, 732.971, 251.973, 2582.96
4080, 2268.24, 732.971, 252.041, 2584.07
4081, 2268.24, 733.971, 252.041, 2584.07
4082, 2269.55, 733.971, 252.041, 2584.07
4083, 2269.55, 733.971, 252.041, 2584.07
4084, 2270.11, 733.971, 252.064, 2584.48
4085, 2270.11, 733.971, 252.064, 2584.48
4086, 2270.94, 733.971, 252.081, 2585.38
4087, 2270.94, 734.971, 252.081, 2585.38
4088, 2271.66, 734.971, 252.123, 2586.88
4089, 2271.66, 734.971, 252.123, 2586.88
4090, 2272.84, 734.971, 252.169, 2588.07
4091, 2272.84, 734.971, 252.169, 2588.07
4092, 2274.15, 734.971, 252.203, 2588.3
4093, 2274.15, 735.97, 252.203, 2588.3
4094, 2274.15, 735.97, 252.203, 2588.3
4095, 2275.06, 735.97, 252.243, 2589.85
4096, 2275.06, 735.97, 252.243, 2589.85
4097, 2275.73, 735.97, 252.278, 2591.44
4098, 2275.73, 736.971, 252.278, 2591.44
4099, 2277.75, 736.971, 252.278, 2591.44
4100, 2277.75, 736.971, 252.278, 2591.44
4101, 2278.72, 736.971, 252.304, 2591.62
4102, 2278.72, 736.971, 252.304, 2591.62
4103, 2279.32, 736.971, 252.304, 2591.62
4104, 2279.32, 737.971, 252.304, 2591.62
4105, 2280.09, 737.971, 252.34, 2594.94
4106, 2280.09, 737.971, 252.34, 2594.94
4107, 2281.4, 737.971, 252.408, 2596.73
4108, 2281.4, 737.971, 252.408, 2596.73
4109, 2282.26, 737.971, 252.408, 2596.73
4110, 2282.26, 738.971, 252.408, 2596.73
4111, 2283.22, 738.971, 252.444, 2597.79
4112, 2283.22, 738.971, 252.444, 2597.79
4113, 2283.84, 738.971, 252.444, 2597.79
4114, 2283.84, 738.971, 252.444, 2597.79
4115, 2284.43, 738.971, 252.444, 2597.79
4116, 2284.43, 739.973, 252.444, 2597.79
4117, 2284.43, 739.973, 252.444, 2597.79
4118, 2285.63, 739.973, 252.444, 2597.79
4119, 2285.63, 739.973, 252.444, 2597.79
4120, 2286.95, 739.973, 252.464, 2601.97
4121, 2286.95, 740.971, 252.464, 2601.97
4122, 2288.77, 740.971, 252.621, 2603.8
4123, 2288.77, 740.971, 252.621, 2603.8
4124, 2289.38, 740.971, 252.635, 2606.36
4125, 2289.38, 740.971, 252.635, 2606.36
4126, 2290.11, 740.971, 252.652, 2606.86
4127, 2290.11, 741.971, 252.652, 2606.86
4128, 2290.98, 741.971, 252.696, 2607.8
4129, 2290.98, 741.971, 252.696, 2607.8
4130, 2291.51, 741.971, 252.762, 2609.18
4131, 2291.51, 741.971, 252.762, 2609.18
4132, 2292.52, 741.971, 252.781, 2610.68
4133, 2292.52, 742.97, 252.781, 2610.68
4134, 2293.56, 742.97, 252.852, 2611.75
4135, 2293.56, 742.97, 252.852, 2611.75
4136, 2294.5, 742.97, 252.89, 2612.26
4137, 2294.5, 742.97, 252.89, 2612.26
4138, 2295.1, 742.97, 252.947, 2613.1
4139, 2295.1, 743.972, 252.947, 2613.1
4140, 2295.82, 743.972, 253.051, 2614.04
4141, 2295.82, 743.972, 253.051, 2614.04
4142, 2296.6, 743.972, 253.081, 2615.37
4143, 2296.6, 743.972, 253.081, 2615.37
4144, 2297.73, 743.972, 253.081, 2616.39
4145, 2297.73, 744.971, 253.081, 2616.39
4146, 2297.73, 744.971, 253.081, 2616.39
4147, 2298.72, 744.971, 253.119, 2617.41
4148, 2298.72, 744.971, 253.119, 2617.41
4149, 2299.33, 744.971, 253.362, 2617.45
4150, 2299.33, 745.97, 253.362, 2617.45
4151, 2299.33, 745.97, 253.362, 2617.45
4152, 2299.99, 745.97, 253.362, 2617.45
4153, 2299.99, 745.97, 253.362, 2617.45
4154, 2301.08, 745.97, 253.362, 2617.45
4155, 2301.08, 746.969, 253.362, 2617.45
4156, 2303.46, 746.969, 253.578, 2619.82
4157, 2303.46, 746.969, 253.578, 2619.82
4158, 2304.48, 746.969, 253.635, 2621.6
4159, 2304.48, 746.969, 253.635, 2621.6
4160, 2305.23, 746.969, 253.689, 2624.31
4161, 2305.23, 747.97, 253.689, 2624.31
4162, 2306.32, 747.97, 253.713, 2625.17
4163, 2306.32, 747.97, 253.713, 2625.17
4164, 2307.1, 747.97, 253.75, 2625.74
4165, 2307.1, 747.97, 253.75, 2625.74
4166, 2308.07, 747.97, 253.77, 2625.85
4167, 2308.07, 748.973, 253.77, 2625.85
4168, 2309.13, 748.973, 253.831, 2627.4
4169, 2309.13, 748.973, 253.831, 2627.4
4170, 2310.09, 748.973, 253.848, 2628.76
4171, 2310.09, 748.973, 253.848, 2628.76
4172, 2310.67, 748.973, 253.848, 2628.76
4173, 2310.67, 749.973, 253.848, 2628.76
4174, 2310.67, 749.973, 253.848, 2628.76
4175, 2311.43, 749.973, 253.848, 2628.76
4176, 2311.43, 749.973, 253.848, 2628.76
4177, 2312.46, 749.973, 253.87, 2630.96
4178, 2312.46, 750.971, 253.87, 2630.96
4179, 2314.25, 750.971, 253.931, 2632.66
4180, 2314.25, 750.971, 253.931, 2632.66
4181, 2314.83, 750.971, 253.966, 2634.25
4182, 2314.83, 750.971, 253.966, 2634.25
4183, 2315.18, 750.971, 253.973, 2635.52
4184, 2315.18, 751.97, 253.973, 2635.52
4185, 2315.56, 751.97, 254.033, 2636.7
4186, 2315.56, 751.97, 254.033, 2636.7
4187, 2316.07, 751.97, 254.077, 2637.92
4188, 2316.07, 751.97, 254.077, 2637.92
4189, 2317.09, 751.97, 254.115, 2638.64
4190, 2317.09, 752.972, 254.115, 2638.64
4191, 2317.09, 752.972, 254.115, 2638.64
4192, 2318.44, 752.972, 254.156, 2639.28
4193, 2318.44, 752.972, 254.156, 2639.28
4194, 2319, 752.972, 254.199, 2640.36
4195, 2319, 753.972, 254.199, 2640.36
4196, 2319, 753.972, 254.199, 2640.36
4197, 2319.46, 753.972, 254.221, 2641.45
4198, 2319.46, 753.972, 254.221, 2641.45
4199, 2320.89, 753.972, 254.221, 2641.45
4200, 2320.89, 754.971, 254.221, 2641.45
4201, 2323.35, 754.971, 254.333, 2644.23
4202, 2323.35, 754.971, 254.333, 2644.23
4203, 2324.32, 754.971, 254.355, 2645.76
4204, 2324.32, 754.971, 254.355, 2645.76
4205, 2324.97, 754.971, 254.355, 2645.76
4206, 2324.97, 755.97, 254.355, 2645.76
4207, 2324.97, 755.97, 254.355, 2645.76
4208, 2326.12, 755.97, 254.379, 2645.76
4209, 2326.12, 755.97, 254.379, 2645.76
4210, 2327.35, 755.97, 254.379, 2645.76
4211, 2327.35, 756.97, 254.379, 2645.76
4212, 2329.05, 756.97, 254.521, 2647.38
4213, 2329.05, 756.97, 254.521, 2647.38
4214, 2329.54, 756.97, 254.591, 2649.03
4215, 2329.54, 756.97, 254.591, 2649.03
4216, 2330.19, 756.97, 254.628, 2653.11
4217, 2330.19, 757.973, 254.628, 2653.11
4218, 2330.87, 757.973, 254.665, 2654.1
4219, 2330.87, 757.973, 254.665, 2654.1
4220, 2332.15, 757.973, 254.665, 2654.1
4221, 2332.15, 757.973, 254.665, 2654.1
4222, 2333.01, 757.973, 254.687, 2655.03
4223, 2333.01, 758.972, 254.687, 2655.03
4224, 2334.2, 758.972, 254.765, 2656.23
4225, 2334.2, 758.972, 254.765, 2656.23
4226, 2334.87, 758.972, 254.786, 2657.57
4227, 2334.87, 758.972, 254.786, 2657.57
4228, 2335.85, 758.972, 254.786, 2657.57
4229, 2335.85, 759.969, 254.786, 2657.57
4230, 2335.85, 759.969, 254.786, 2657.57
4231, 2336.72, 759.969, 254.807, 2658.73
4232, 2336.72, 759.969, 254.807, 2658.73
4233, 2337.63, 759.969, 254.847, 2660.87
4234, 2337.63, 760.974, 254.847, 2660.87
4235, 2339.54, 760.974, 254.91, 2662.41
4236, 2339.54, 760.974, 254.91, 2662.41
4237, 2340.54, 760.974, 254.946, 2663.39
4238, 2340.54, 760.974, 254.946, 2663.39
4239, 2341.98, 760.974, 254.946, 2663.39
4240, 2341.98, 761.97, 254.946, 2663.39
4241, 2341.98, 761.97, 254.946, 2663.39
4242, 2342.89, 761.97, 254.946, 2663.39
4243, 2342.89, 761.97, 254.946, 2663.39
4244, 2343.51, 761.97, 254.987, 2664.97
4245, 2343.51, 762.973, 254.987, 2664.97
4246, 2343.51, 762.973, 254.987, 2664.97
4247, 2344.46, 762.973, 255.011, 2667.43
4248, 2344.46, 762.973, 255.011, 2667.43
4249, 2345.06, 762.973, 255.011, 2667.43
4250, 2345.06, 763.969, 255.011, 2667.43
4251, 2347.79, 763.969, 255.154, 2670.37
4252, 2347.79, 763.969, 255.154, 2670.37
4253, 2348.66, 763.969, 255.215, 2671.41
4254, 2348.66, 763.969, 255.215, 2671.41
4255, 2349.82, 763.969, 255.277, 2673.86
4256, 2349.82, 764.97, 255.277, 2673.86
4257, 2350.58, 764.97, 255.298, 2675
4258, 2350.58, 764.97, 255.298, 2675
4259, 2352.36, 764.97, 255.324, 2675.68
4260, 2352.36, 764.97, 255.324, 2675.68
4261, 2353.03, 764.97, 255.324, 2675.68
4262, 2353.03, 765.971, 255.324, 2675.68
4263, 2353.76, 765.971, 255.324, 2675.68
4264, 2353.76, 765.971, 255.324, 2675.68
4265, 2355.09, 765.971, 255.324, 2675.68
4266, 2355.09, 765.971, 255.324, 2675.68
4267, 2356.37, 765.971, 255.344, 2677.25
4268, 2356.37, 766.969, 255.344, 2677.25
4269, 2356.37, 766.969, 255.344, 2677.25
4270, 2357.15, 766.969, 255.388, 2679.39
4271, 2357.15, 766.969, 255.388, 2679.39
4272, 2358.07, 766.969, 255.409, 2680.55
4273, 2358.07, 767.972, 255.409, 2680.55
4274, 2359.69, 767.972, 255.531, 2683.57
4275, 2359.69, 767.972, 255.531, 2683.57
4276, 2360.35, 767.972, 255.586, 2684.49
4277, 2360.35, 767.972, 255.586, 2684.49
4278, 2360.86, 767.972, 255.697, 2685.42
4279, 2360.86, 768.971, 255.697, 2685.42
4280, 2361.71, 768.971, 255.735, 2686.43
4281, 2361.71, 768.971, 255.735, 2686.43
4282, 2362.44, 768.971, 255.759, 2687.52
4283, 2362.44, 768.971, 255.759, 2687.52
4284, 2362.83, 768.971, 255.802, 2688.6
4285, 2362.83, 769.969, 255.802, 2688.6
4286, 2363.54, 769.969, 255.869, 2689.3
4287, 2363.54, 769.969, 255.869, 2689.3
4288, 2364.98, 769.969, 255.92, 2690.08
4289, 2364.98, 769.969, 255.92, 2690.08
4290, 2366.17, 769.969, 255.948, 2690.76
4291, 2366.17, 770.971, 255.948, 2690.76
4292, 2366.8, 770.971, 255.967, 2691.68
4293, 2366.8, 770.971, 255.967, 2691.68
4294, 2367.53, 770.971, 255.967, 2691.68
4295, 2367.53, 770.971, 255.967, 2691.68
4296, 2368.29, 770.971, 255.967, 2691.68
4297, 2368.29, 771.969, 255.967, 2691.68
4298, 2369.09, 771.969, 256.048, 2692.9
4299, 2369.09, 771.969, 256.048, 2692.9
4300, 2370.52, 771.969, 256.048, 2692.9
4301, 2370.52, 771.969, 256.048, 2692.9
4302, 2371.16, 771.969, 256.067, 2695.07
4303, 2371.16, 772.969, 256.067, 2695.07
4304, 2371.6, 772.969, 256.067, 2695.07
4305, 2371.6, 772.969, 256.067, 2695.07
4306, 2372.18, 772.969, 256.089, 2698.03
4307, 2372.18, 772.969, 256.089, 2698.03
4308, 2373.15, 772.969, 256.11, 2698.65
4309, 2373.15, 773.97, 256.11, 2698.65
4310, 2374.28, 773.97, 256.168, 2700.17
4311, 2374.28, 773.97, 256.168, 2700.17
4312, 2374.85, 773.97, 256.248, 2701.09
4313, 2374.85, 773.97, 256.248, 2701.09
4314, 2375.34, 773.97, 256.248, 2701.09
4315, 2375.34, 774.972, 256.248, 2701.09
4316, 2375.92, 774.972, 256.267, 2702.07
4317, 2375.92, 774.972, 256.267, 2702.07
4318, 2376.41, 774.972, 256.345, 2703.27
4319, 2376.41, 774.972, 256.345, 2703.27
4320, 2377.28, 774.972, 256.407, 2705.75
4321, 2377.28, 775.97, 256.407, 2705.75
4322, 2378.38, 775.97, 256.491, 2707.08
4323, 2378.38, 775.97, 256.491, 2707.08
4324, 2379.86, 775.97, 256.491, 2707.08
4325, 2379.86, 775.97, 256.491, 2707.08
4326, 2380.38, 775.97, 256.512, 2708.14
4327, 2380.38, 776.971, 256.512, 2708.14
4328, 2380.38, 776.971, 256.512, 2708.14
4329, 2381.53, 776.971, 256.55, 2709.99
4330, 2381.53, 776.971, 256.55, 2709.99
4331, 2382.17, 776.971, 256.573, 2710.77
4332, 2382.17, 777.969, 256.573, 2710.77
4333, 2383.52, 777.969, 256.67, 2712.62
4334, 2383.52, 777.969, 256.67, 2712.62
4335, 2384.23, 777.969, 256.718, 2713.65
4336, 2384.23, 777.969, 256.718, 2713.65
4337, 2385.07, 777.969, 256.742, 2714.25
4338, 2385.07, 778.971, 256.742, 2714.25
4339, 2385.07, 778.971, 256.742, 2714.25
4340, 2386.35, 778.971, 256.785, 2715.23
4341, 2386.35, 778.971, 256.785, 2715.23
4342, 2387.6, 778.971, 256.839, 2716.19
4343, 2387.6, 779.972, 256.839, 2716.19
4344, 2389.17, 779.972, 256.93, 2718.21
4345, 2389.17, 779.972, 256.93, 2718.21
4346, 2390.04, 779.972, 256.947, 2718.74
4347, 2390.04, 779.972, 256.947, 2718.74
4348, 2391.37, 779.972, 256.947, 2718.74
4349, 2391.37, 780.97, 256.947, 2718.74
4350, 2392.09, 780.97, 257.006, 2719.39
4351, 2392.09, 780.97, 257.006, 2719.39
4352, 2392.54, 780.97, 257.103, 2720.54
4353, 2392.54, 780.97, 257.103, 2720.54
4354, 2393.11, 780.97, 257.103, 2720.54
4355, 2393.11, 781.973, 257.103, 2720.54
4356, 2393.74, 781.973, 257.21, 2721.62
4357, 2393.74, 781.973, 257.21, 2721.62
4358, 2394.66, 781.973, 257.231, 2722.29
4359, 2394.66, 781.973, 257.231, 2722.29
4360, 2395.88, 781.973, 257.253, 2724.99
4361, 2395.88, 782.97, 257.253, 2724.99
4362, 2396.41, 782.97, 257.339, 2725.78
4363, 2396.41, 782.97, 257.339, 2725.78
4364, 2396.68, 782.97, 257.364, 2726.94
4365, 2396.68, 782.97, 257.364, 2726.94
4366, 2397.01, 782.97, 257.403, 2728.58
4367, 2397.01, 783.972, 257.403, 2728.58
4368, 2398.36, 783.972, 257.443, 2729.36
4369, 2398.36, 783.972, 257.443, 2729.36
4370, 2398.9, 783.972, 257.463, 2730.45
4371, 2398.9, 783.972, 257.463, 2730.45
4372, 2399.4, 783.972, 257.484, 2730.91
4373, 2399.4, 784.97, 257.484, 2730.91
4374, 2399.99, 784.97, 257.575, 2732.16
4375, 2399.99, 784.97, 257.575, 2732.16
4376, 2400.01, 784.97, 257.575, 2732.16
4377, 2400.01, 784.97, 257.575, 2732.16
4378, 2400.66, 784.97, 257.575, 2733.8
4379, 2400.66, 785.969, 257.575, 2733.8
4380, 2401.93, 785.969, 257.594, 2734.28
4381, 2401.93, 785.969, 257.594, 2734.28
4382, 2402.3, 785.969, 258.982, 2734.3
4383, 2402.3, 785.969, 258.982, 2734.3
4384, 2402.52, 785.969, 259.439, 2734.36
4385, 2402.52, 786.97, 259.439, 2734.36
4386, 2403.15, 786.97, 259.481, 2735.72
4387, 2403.15, 786.97, 259.481, 2735.72
4388, 2404.45, 786.97, 259.516, 2737.06
4389, 2404.45, 786.97, 259.516, 2737.06
4390, 2405.07, 786.97, 259.544, 2738.02
4391, 2405.07, 787.972, 259.544, 2738.02
4392, 2405.07, 787.972, 259.544, 2738.02
4393, 2405.94, 787.972, 259.564, 2739.48
4394, 2405.94, 787.972, 259.564, 2739.48
4395, 2406.94, 787.972, 259.61, 2740.81
4396, 2406.94, 788.97, 259.61, 2740.81
4397, 2406.94, 788.97, 259.61, 2740.81
4398, 2408, 788.97, 259.672, 2741.15
4399, 2408, 788.97, 259.672, 2741.15
4400, 2409.14, 788.97, 259.672, 2741.15
4401, 2409.14, 789.97, 259.672, 2741.15
4402, 2411.89, 789.97, 259.801, 2743.72
4403, 2411.89, 789.97, 259.801, 2743.72
4404, 2412.79, 789.97, 259.828, 2745.18
4405, 2412.79, 789.97, 259.828, 2745.18
4406, 2413.13, 789.97, 259.928, 2746.71
4407, 2413.13, 790.969, 259.928, 2746.71
4408, 2413.13, 790.969, 259.928, 2746.71
4409, 2414.11, 790.969, 259.982, 2747.65
4410, 2414.11, 790.969, 259.982, 2747.65
4411, 2415.03, 790.969, 260.023, 2749.07
4412, 2415.03, 791.97, 260.023, 2749.07
4413, 2415.03, 791.97, 260.023, 2749.07
4414, 2415.95, 791.97, 260.023, 2749.07
4415, 2415.95, 791.97, 260.023, 2749.07
4416, 2416.63, 791.97, 260.063, 2749.74
4417, 2416.63, 792.971, 260.063, 2749.74
4418, 2419.15, 792.971, 260.204, 2752.91
4419, 2419.15, 792.971, 260.204, 2752.91
4420, 2419.67, 792.971, 260.222, 2754.78
4421, 2419.67, 792.971, 260.222, 2754.78
4422, 2420.35, 792.971, 260.222, 2754.78
4423, 2420.35, 793.97, 260.222, 2754.78
4424, 2420.83, 793.97, 260.33, 2755.65
4425, 2420.83, 793.97, 260.33, 2755.65
4426, 2421.8, 793.97, 260.351, 2756.65
4427, 2421.8, 793.97, 260.351, 2756.65
4428, 2422.93, 793.97, 260.392, 2758.65
4429, 2422.93, 794.969, 260.392, 2758.65
4430, 2423.91, 794.969, 260.434, 2759.68
4431, 2423.91, 794.969, 260.434, 2759.68
4432, 2423.92, 794.969, 260.434, 2759.68
4433, 2423.92, 794.969, 260.434, 2759.68
4434, 2424.76, 794.969, 260.47, 2760.63
4435, 2424.76, 795.969, 260.47, 2760.63
4436, 2425.61, 795.969, 260.567, 2761.07
4437, 2425.61, 795.969, 260.567, 2761.07
4438, 2425.62, 795.969, 262.366, 2761.13
4439, 2425.62, 795.969, 262.366, 2761.13
4440, 2426.28, 795.969, 262.432, 2762.37
4441, 2426.28, 796.975, 262.432, 2762.37
4442, 2426.93, 796.975, 262.477, 2763.8
4443, 2426.93, 796.975, 262.477, 2763.8
4444, 2426.97, 796.975, 263.401, 2763.94
4445, 2426.97, 796.975, 263.401, 2763.94
4446, 2427.82, 796.975, 263.446, 2764.67
4447, 2427.82, 797.971, 263.446, 2764.67
4448, 2427.82, 797.971, 263.446, 2764.67
4449, 2427.9, 797.971, 264.307, 2764.89
4450, 2427.9, 797.971, 264.307, 2764.89
4451, 2428.18, 797.971, 264.43, 2765.35
4452, 2428.18, 798.97, 264.43, 2765.35
4453, 2428.18, 798.97, 264.43, 2765.35
4454, 2428.89, 798.97, 264.45, 2765.78
4455, 2428.89, 798.97, 264.45, 2765.78
4456, 2429.13, 798.97, 264.622, 2767.23
4457, 2429.13, 799.97, 264.622, 2767.23
4458, 2431.64, 799.97, 264.745, 2769.76
4459, 2431.64, 799.97, 264.745, 2769.76
4460, 2431.96, 799.97, 264.745, 2770.76
4461, 2431.96, 799.97, 264.745, 2770.76
4462, 2432.71, 799.97, 264.785, 2771.81
4463, 2432.71, 800.969, 264.785, 2771.81
4464, 2432.71, 800.969, 264.785, 2771.81
4465, 2432.72, 800.969, 266.526, 2771.84
4466, 2432.72, 800.969, 266.526, 2771.84
4467, 2433.94, 800.969, 266.594, 2772.71
4468, 2433.94, 801.971, 266.594, 2772.71
4469, 2435.15, 801.971, 266.645, 2774.01
4470, 2435.15, 801.971, 266.645, 2774.01
4471, 2435.18, 801.971, 267.239, 2774.12
4472, 2435.18, 801.971, 267.239, 2774.12
4473, 2435.82, 801.971, 267.239, 2774.12
4474, 2435.82, 802.97, 267.239, 2774.12
4475, 2436.44, 802.97, 267.275, 2775.94
4476, 2436.44, 802.97, 267.275, 2775.94
4477, 2436.79, 802.97, 267.833, 2776.66
4478, 2436.79, 802.97, 267.833, 2776.66
4479, 2437.56, 802.97, 267.849, 2778.64
4480, 2437.56, 803.969, 267.849, 2778.64
4481, 2437.56, 803.969, 267.849, 2778.64
4482, 2438.54, 803.969, 267.924, 2779.09
4483, 2438.54, 803.969, 267.924, 2779.09
4484, 2439.19, 803.969, 267.963, 2780.03
4485, 2439.19, 804.969, 267.963, 2780.03
4486, 2441.37, 804.969, 268.029, 2781.44
4487, 2441.37, 804.969, 268.029, 2781.44
4488, 2442.28, 804.969, 268.09, 2782.58
4489, 2442.28, 804.969, 268.09, 2782.58
4490, 2442.64, 804.969, 268.16, 2783.59
4491, 2442.64, 805.972, 268.16, 2783.59
4492, 2443.26, 805.972, 268.186, 2784.41
4493, 2443.26, 805.972, 268.186, 2784.41
4494, 2444.07, 805.972, 268.208, 2785.59
4495, 2444.07, 805.972, 268.208, 2785.59
4496, 2444.44, 805.972, 268.267, 2786.43
4497, 2444.44, 806.969, 268.267, 2786.43
4498, 2444.44, 806.969, 268.267, 2786.43
4499, 2445.11, 806.969, 268.285, 2786.79
4500, 2445.11, 806.969, 268.285, 2786.79
4501, 2445.74, 806.969, 268.285, 2786.79
4502, 2445.74, 807.97, 268.285, 2786.79
4503, 2445.74, 807.97, 268.285, 2786.79
4504, 2446.32, 807.97, 268.323, 2788.1
4505, 2446.32, 807.97, 268.323, 2788.1
4506, 2446.37, 807.97, 268.763, 2789.42
4507, 2446.37, 808.971, 268.763, 2789.42
4508, 2448.75, 808.971, 268.933, 2793.04
4509, 2448.75, 808.971, 268.933, 2793.04
4510, 2449.02, 808.971, 269.082, 2794.09
4511, 2449.02, 808.971, 269.082, 2794.09
4512, 2449.04, 808.971, 269.082, 2794.09
4513, 2449.04, 809.975, 269.082, 2794.09
4514, 2450.12, 809.975, 269.125, 2794.99
4515, 2450.12, 809.975, 269.125, 2794.99
4516, 2450.26, 809.975, 269.363, 2795.77
4517, 2450.26, 809.975, 269.363, 2795.77
4518, 2450.3, 809.975, 271.428, 2796.05
4519, 2450.3, 810.972, 271.428, 2796.05
4520, 2450.9, 810.972, 271.468, 2797.17
4521, 2450.9, 810.972, 271.468, 2797.17
4522, 2451.48, 810.972, 271.468, 2797.17
4523, 2451.48, 810.972, 271.468, 2797.17
4524, 2451.53, 810.972, 271.995, 2797.52
4525, 2451.53, 811.972, 271.995, 2797.52
4526, 2451.53, 811.972, 271.995, 2797.52
4527, 2452.65, 811.972, 272.027, 2799.18
4528, 2452.65, 811.972, 272.027, 2799.18
4529, 2453.33, 811.972, 272.045, 2799.87
4530, 2453.33, 812.972, 272.045, 2799.87
4531, 2455.48, 812.972, 272.175, 2801.12
4532, 2455.48, 812.972, 272.175, 2801.12
4533, 2455.96, 812.972, 272.246, 2802.44
4534, 2455.96, 812.972, 272.246, 2802.44
4535, 2456.32, 812.972, 272.246, 2803.14
4536, 2456.32, 813.97, 272.246, 2803.14
4537, 2456.97, 813.97, 272.325, 2804.49
4538, 2456.97, 813.97, 272.325, 2804.49
4539, 2458.09, 813.97, 272.344, 2805.03
4540, 2458.09, 813.97, 272.344, 2805.03
4541, 2458.1, 813.97, 272.344, 2805.03
4542, 2458.1, 814.97, 272.344, 2805.03
4543, 2458.97, 814.97, 272.344, 2805.03
4544, 2458.97, 814.97, 272.344, 2805.03
4545, 2459.8, 814.97, 272.435, 2806.36
4546, 2459.8, 814.97, 272.435, 2806.36
4547, 2460.27, 814.97, 274.363, 2806.68
4548, 2460.27, 815.969, 274.363, 2806.68
4549, 2460.27, 815.969, 274.363, 2806.68
4550, 2460.52, 815.969, 274.783, 2807.36
4551, 2460.52, 815.969, 274.783, 2807.36
4552, 2462.03, 815.969, 274.821, 2808.49
4553, 2462.03, 816.972, 274.821, 2808.49
4554, 2462.58, 816.972, 274.876, 2810.32
4555, 2462.58, 816.972, 274.876, 2810.32
4556, 2463.21, 816.972, 274.898, 2810.32
4557, 2463.21, 816.972, 274.898, 2810.32
4558, 2463.94, 816.972, 274.935, 2811.1
4559, 2463.94, 817.969, 274.935, 2811.1
4560, 2464.07, 817.969, 276.815, 2811.36
4561, 2464.07, 817.969, 276.815, 2811.36
4562, 2465.57, 817.969, 276.815, 2811.36
4563, 2465.57, 817.969, 276.815, 2811.36
4564, 2467.31, 817.969, 276.85, 2812.28
4565, 2467.31, 818.971, 276.85, 2812.28
4566, 2468.32, 818.971, 276.935, 2812.66
4567, 2468.32, 818.971, 276.935, 2812.66
4568, 2469.84, 818.971, 276.935, 2812.66
4569, 2469.84, 818.971, 276.935, 2812.66
4570, 2470.37, 818.971, 276.935, 2812.66
4571, 2470.37, 819.97, 276.935, 2812.66
4572, 2471.1, 819.97, 276.935, 2812.66
4573, 2471.1, 819.97, 276.935, 2812.66
4574, 2472.98, 819.97, 276.935, 2812.66
4575, 2472.98, 819.97, 276.935, 2812.66
4576, 2474.27, 819.97, 276.935, 2812.66
4577, 2474.27, 820.969, 276.935, 2812.66
4578, 2474.27, 820.969, 276.935, 2812.66
4579, 2476.3, 820.969, 276.935, 2812.66
4580, 2476.3, 820.969, 276.935, 2812.66
4581, 2477.82, 820.969, 276.968, 2815.59
4582, 2477.82, 821.969, 276.968, 2815.59
4583, 2479.25, 821.969, 277.139, 2819.02
4584, 2479.25, 821.969, 277.139, 2819.02
4585, 2480.96, 821.969, 277.181, 2824.91
4586, 2480.96, 821.969, 277.181, 2824.91
4587, 2481.64, 821.969, 277.181, 2824.91
4588, 2481.64, 822.97, 277.181, 2824.91
4589, 2482.26, 822.97, 277.221, 2825.59
4590, 2482.26, 822.97, 277.221, 2825.59
4591, 2484.21, 822.97, 277.253, 2826.28
4592, 2484.21, 822.97, 277.253, 2826.28
4593, 2484.71, 822.97, 277.277, 2828.42
4594, 2484.71, 823.969, 277.277, 2828.42
4595, 2484.71, 823.969, 277.277, 2828.42
4596, 2486.53, 823.969, 277.299, 2829.52
4597, 2486.53, 823.969, 277.299, 2829.52
4598, 2487.82, 823.969, 277.299, 2829.52
4599, 2487.82, 824.971, 277.299, 2829.52
4600, 2489.41, 824.971, 277.364, 2831.69
4601, 2489.41, 824.971, 277.364, 2831.69
4602, 2491.39, 824.971, 277.42, 2832.13
4603, 2491.39, 824.971, 277.42, 2832.13
4604, 2492.1, 824.971, 277.455, 2834.06
4605, 2492.1, 825.971, 277.455, 2834.06
4606, 2492.1, 825.971, 277.455, 2834.06
4607, 2493.8, 825.971, 277.475, 2835.3
4608, 2493.8, 825.971, 277.475, 2835.3
4609, 2494.34, 825.971, 277.493, 2836.52
4610, 2494.34, 826.969, 277.493, 2836.52
4611, 2495.9, 826.969, 277.6, 2838.54
4612, 2495.9, 826.969, 277.6, 2838.54
4613, 2497.75, 826.969, 277.6, 2838.54
4614, 2497.75, 826.969, 277.6, 2838.54
4615, 2498.7, 826.969, 277.664, 2839.34
4616, 2498.7, 827.969, 277.664, 2839.34
4617, 2498.7, 827.969, 277.664, 2839.34
4618, 2499.96, 827.969, 277.728, 2841.2
4619, 2499.96, 827.969, 277.728, 2841.2
4620, 2501.03, 827.969, 277.728, 2841.2
4621, 2501.03, 828.969, 277.728, 2841.2
4622, 2502.92, 828.969, 277.866, 2842.81
4623, 2502.92, 828.969, 277.866, 2842.81
4624, 2503.92, 828.969, 277.886, 2844.19
4625, 2503.92, 828.969, 277.886, 2844.19
4626, 2505.46, 828.969, 277.886, 2844.19
4627, 2505.46, 829.971, 277.886, 2844.19
4628, 2506, 829.971, 277.931, 2845.21
4629, 2506, 829.971, 277.931, 2845.21
4630, 2507.28, 829.971, 277.951, 2846.01
4631, 2507.28, 829.971, 277.951, 2846.01
4632, 2508.42, 829.971, 277.974, 2849.05
4633, 2508.42, 830.97, 277.974, 2849.05
4634, 2509.21, 830.97, 277.993, 2849.65
4635, 2509.21, 830.97, 277.993, 2849.65
4636, 2510.13, 830.97, 278.053, 2850.63
4637, 2510.13, 830.97, 278.053, 2850.63
4638, 2510.9, 830.97, 278.077, 2851.14
4639, 2510.9, 831.969, 278.077, 2851.14
4640, 2511.39, 831.969, 278.094, 2852.3
4641, 2511.39, 831.969, 278.094, 2852.3
4642, 2512.41, 831.969, 278.094, 2852.3
4643, 2512.41, 831.969, 278.094, 2852.3
4644, 2513.57, 831.969, 278.094, 2852.3
4645, 2513.57, 832.97, 278.094, 2852.3
4646, 2513.57, 832.97, 278.094, 2852.3
4647, 2514.18, 832.97, 278.136, 2854.3
4648, 2514.18, 832.97, 278.136, 2854.3
4649, 2515.03, 832.97, 278.153, 2856.22
4650, 2515.03, 833.97, 278.153, 2856.22
4651, 2516.84, 833.97, 278.19, 2858.12
4652, 2516.84, 833.97, 278.19, 2858.12
4653, 2517.68, 833.97, 278.19, 2858.12
4654, 2517.68, 833.97, 278.19, 2858.12
4655, 2518.29, 833.97, 278.19, 2858.12
4656, 2518.29, 834.97, 278.19, 2858.12
4657, 2518.98, 834.97, 278.274, 2859.28
4658, 2518.98, 834.97, 278.274, 2859.28
4659, 2520.49, 834.97, 278.274, 2859.28
4660, 2520.49, 834.97, 278.274, 2859.28
4661, 2521.02, 834.97, 278.295, 2861.82
4662, 2521.02, 835.971, 278.295, 2861.82
4663, 2521.84, 835.971, 278.353, 2862.9
4664, 2521.84, 835.971, 278.353, 2862.9
4665, 2522.77, 835.971, 278.353, 2866.12
4666, 2522.77, 835.971, 278.353, 2866.12
4667, 2523.05, 835.971, 278.373, 2866.7
4668, 2523.05, 836.973, 278.373, 2866.7
4669, 2523.98, 836.973, 278.417, 2867.7
4670, 2523.98, 836.973, 278.417, 2867.7
4671, 2524.91, 836.973, 278.46, 2868.46
4672, 2524.91, 836.973, 278.46, 2868.46
4673, 2525.65, 836.973, 278.46, 2868.46
4674, 2525.65, 837.971, 278.46, 2868.46
4675, 2526.59, 837.971, 278.474, 2868.74
4676, 2526.59, 837.971, 278.474, 2868.74
4677, 2527.37, 837.971, 278.474, 2868.74
4678, 2527.37, 837.971, 278.474, 2868.74
4679, 2527.91, 837.971, 278.494, 2870.58
4680, 2527.91, 838.971, 278.494, 2870.58
4681, 2527.91, 838.971, 278.494, 2870.58
4682, 2529.49, 838.971, 278.508, 2871.84
4683, 2529.49, 838.971, 278.508, 2871.84
4684, 2529.99, 838.971, 278.548, 2873.44
4685, 2529.99, 839.969, 278.548, 2873.44
4686, 2529.99, 839.969, 278.548, 2873.44
4687, 2531.03, 839.969, 278.618, 2875.16
4688, 2531.03, 839.969, 278.618, 2875.16
4689, 2531.06, 839.969, 279.174, 2875.3
4690, 2531.06, 840.972, 279.174, 2875.3
4691, 2531.85, 840.972, 280.446, 2877.69
4692, 2531.85, 840.972, 280.446, 2877.69
4693, 2532.64, 840.972, 280.446, 2877.69
4694, 2532.64, 840.972, 280.446, 2877.69
4695, 2532.79, 840.972, 281.417, 2877.78
4696, 2532.79, 841.969, 281.417, 2877.78
4697, 2533.35, 841.969, 281.417, 2877.78
4698, 2533.35, 841.969, 281.417, 2877.78
4699, 2534.45, 841.969, 281.417, 2877.78
4700, 2534.45, 841.969, 281.417, 2877.78
4701, 2535.39, 841.969, 281.417, 2877.78
4702, 2535.39, 842.969, 281.417, 2877.78
4703, 2536.56, 842.969, 281.478, 2879.72
4704, 2536.56, 842.969, 281.478, 2879.72
4705, 2537.38, 842.969, 281.478, 2879.72
4706, 2537.38, 842.969, 281.478, 2879.72
4707, 2538.31, 842.969, 281.478, 2879.72
4708, 2538.31, 843.971, 281.478, 2879.72
4709, 2539.82, 843.971, 281.5, 2879.96
4710, 2539.82, 843.971, 281.5, 2879.96
4711, 2540.42, 843.971, 281.542, 2884.06
4712, 2540.42, 843.971, 281.542, 2884.06
4713, 2540.89, 843.971, 281.542, 2884.06
4714, 2540.89, 844.97, 281.542, 2884.06
4715, 2542.24, 844.97, 281.561, 2885.5
4716, 2542.24, 844.97, 281.561, 2885.5
4717, 2543.63, 844.97, 281.599, 2886.24
4718, 2543.63, 844.97, 281.599, 2886.24
4719, 2544.83, 844.97, 281.638, 2890.02
4720, 2544.83, 845.971, 281.638, 2890.02
4721, 2546.42, 845.971, 281.716, 2891.09
4722, 2546.42, 845.971, 281.716, 2891.09
4723, 2547.32, 845.971, 281.736, 2891.94
4724, 2547.32, 845.971, 281.736, 2891.94
4725, 2547.91, 845.971, 281.798, 2892.82
4726, 2547.91, 846.969, 281.798, 2892.82
4727, 2549.53, 846.969, 281.862, 2893.95
4728, 2549.53, 846.969, 281.862, 2893.95
4729, 2550.09, 846.969, 281.862, 2893.95
4730, 2550.09, 846.969, 281.862, 2893.95
4731, 2551.58, 846.969, 281.862, 2893.95
4732, 2551.58, 847.97, 281.862, 2893.95
4733, 2553.17, 847.97, 281.895, 2894.6
4734, 2553.17, 847.97, 281.895, 2894.6
4735, 2554.23, 847.97, 282.027, 2896.57
4736, 2554.23, 847.97, 282.027, 2896.57
4737, 2555.19, 847.97, 282.046, 2898.45
4738, 2555.19, 848.969, 282.046, 2898.45
4739, 2556.83, 848.969, 282.084, 2899.59
4740, 2556.83, 848.969, 282.084, 2899.59
4741, 2557.19, 848.969, 282.192, 2899.97
4742, 2557.19, 848.969, 282.192, 2899.97
4743, 2557.73, 848.969, 282.192, 2899.97
4744, 2557.73, 849.969, 282.192, 2899.97
4745, 2559.41, 849.969, 282.224, 2901.1
4746, 2559.41, 849.969, 282.224, 2901.1
4747, 2560.03, 849.969, 282.224, 2901.1
4748, 2560.03, 849.969, 282.224, 2901.1
4749, 2561, 849.969, 282.224, 2901.1
4750, 2561, 850.97, 282.224, 2901.1
4751, 2561, 850.97, 282.224, 2901.1
4752, 2562.13, 850.97, 282.245, 2903.55
4753, 2562.13, 850.97, 282.245, 2903.55
4754, 2563.63, 850.97, 282.245, 2903.55
4755, 2563.63, 851.969, 282.245, 2903.55
4756, 2563.63, 851.969, 282.245, 2903.55
4757, 2565.02, 851.969, 282.284, 2904.79
4758, 2565.02, 851.969, 282.284, 2904.79
4759, 2566.59, 851.969, 282.284, 2904.79
4760, 2566.59, 852.97, 282.284, 2904.79
4761, 2570.41, 852.97, 282.448, 2907.14
4762, 2570.41, 852.97, 282.448, 2907.14
4763, 2571.64, 852.97, 282.508, 2907.5
4764, 2571.64, 852.97, 282.508, 2907.5
4765, 2573.13, 852.97, 282.508, 2907.5
4766, 2573.13, 853.969, 282.508, 2907.5
4767, 2574.17, 853.969, 282.535, 2908.68
4768, 2574.17, 853.969, 282.535, 2908.68
4769, 2575.51, 853.969, 282.559, 2909.64
4770, 2575.51, 853.969, 282.559, 2909.64
4771, 2576.58, 853.969, 282.602, 2916.12
4772, 2576.58, 854.969, 282.602, 2916.12
4773, 2576.58, 854.969, 282.602, 2916.12
4774, 2577.2, 854.969, 282.602, 2917.6
4775, 2577.2, 854.969, 282.602, 2917.6
4776, 2578.59, 854.969, 282.622, 2918.32
4777, 2578.59, 855.969, 282.622, 2918.32
4778, 2580.2, 855.969, 282.687, 2920.45
4779, 2580.2, 855.969, 282.687, 2920.45
4780, 2580.43, 855.969, 283.001, 2921.1
4781, 2580.43, 855.969, 283.001, 2921.1
4782, 2582.38, 855.969, 283.023, 2922.46
4783, 2582.38, 856.97, 283.023, 2922.46
4784, 2583.3, 856.97, 283.043, 2922.84
4785, 2583.3, 856.97, 283.043, 2922.84
4786, 2583.75, 856.97, 283.064, 2923.05
4787, 2583.75, 856.97, 283.064, 2923.05
4788, 2585.33, 856.97, 283.085, 2923.79
4789, 2585.33, 857.969, 283.085, 2923.79
4790, 2585.33, 857.969, 283.085, 2923.79
4791, 2586.39, 857.969, 283.12, 2925.56
4792, 2586.39, 857.969, 283.12, 2925.56
4793, 2587.92, 857.969, 283.135, 2926.04
4794, 2587.92, 858.97, 283.135, 2926.04
4795, 2590.03, 858.97, 283.198, 2928.21
4796, 2590.03, 858.97, 283.198, 2928.21
4797, 2590.55, 858.97, 283.242, 2929.15
4798, 2590.55, 858.97, 283.242, 2929.15
4799, 2591.88, 858.97, 283.261, 2930.81
4800, 2591.88, 859.971, 283.261, 2930.81
4801, 2591.88, 859.971, 283.261, 2930.81
4802, 2592.28, 859.971, 283.305, 2931.25
4803, 2592.28, 859.971, 283.305, 2931.25
4804, 2593.59, 859.971, 283.34, 2932.19
4805, 2593.59, 860.97, 283.34, 2932.19
4806, 2595.99, 860.97, 283.399, 2933.6
4807, 2595.99, 860.97, 283.399, 2933.6
4808, 2597.08, 860.97, 283.418, 2934.56
4809, 2597.08, 860.97, 283.418, 2934.56
4810, 2598.28, 860.97, 283.418, 2934.56
4811, 2598.28, 861.972, 283.418, 2934.56
4812, 2598.28, 861.972, 283.418, 2934.56
4813, 2599.12, 861.972, 283.442, 2936.16
4814, 2599.12, 861.972, 283.442, 2936.16
4815, 2600.62, 861.972, 283.464, 2938.18
4816, 2600.62, 862.972, 283.464, 2938.18
4817, 2601.93, 862.972, 283.6, 2940.4
4818, 2601.93, 862.972, 283.6, 2940.4
4819, 2602.98, 862.972, 283.665, 2941.31
4820, 2602.98, 862.972, 283.665, 2941.31
4821, 2604.62, 862.972, 283.707, 2942.27
4822, 2604.62, 863.973, 283.707, 2942.27
4823, 2605.06, 863.973, 283.707, 2942.27
4824, 2605.06, 863.973, 283.707, 2942.27
4825, 2605.89, 863.973, 283.726, 2942.67
4826, 2605.89, 863.973, 283.726, 2942.67
4827, 2607.33, 863.973, 283.742, 2943.78
4828, 2607.33, 864.972, 283.742, 2943.78
4829, 2608.5, 864.972, 283.804, 2946.23
4830, 2608.5, 864.972, 283.804, 2946.23
4831, 2609.91, 864.972, 283.804, 2946.23
4832, 2609.91, 864.972, 283.804, 2946.23
4833, 2610.81, 864.972, 283.847, 2946.91
4834, 2610.81, 865.969, 283.847, 2946.91
4835, 2611.51, 865.969, 283.907, 2947.61
4836, 2611.51, 865.969, 283.907, 2947.61
4837, 2611.94, 865.969, 283.907, 2947.61
4838, 2611.94, 865.969, 283.907, 2947.61
4839, 2612.6, 865.969, 283.933, 2948.3
4840, 2612.6, 866.969, 283.933, 2948.3
4841, 2613.37, 866.969, 283.954, 2948.68
4842, 2613.37, 866.969, 283.954, 2948.68
4843, 2614.53, 866.969, 283.994, 2952.1
4844, 2614.53, 866.969, 283.994, 2952.1
4845, 2615.98, 866.969, 284.033, 2953.56
4846, 2615.98, 867.969, 284.033, 2953.56
4847, 2616.86, 867.969, 284.141, 2955.23
4848, 2616.86, 867.969, 284.141, 2955.23
4849, 2618.38, 867.969, 284.141, 2955.23
4850, 2618.38, 867.969, 284.141, 2955.23
4851, 2619.74, 867.969, 284.159, 2955.67
4852, 2619.74, 868.97, 284.159, 2955.67
4853, 2619.74, 868.97, 284.159, 2955.67
4854, 2620.55, 868.97, 284.177, 2957.2
4855, 2620.55, 868.97, 284.177, 2957.2
4856, 2621.41, 868.97, 284.22, 2958.4
4857, 2621.41, 869.97, 284.22, 2958.4
4858, 2621.41, 869.97, 284.22, 2958.4
4859, 2622.41, 869.97, 284.278, 2960
4860, 2622.41, 869.97, 284.278, 2960
4861, 2622.97, 869.97, 284.278, 2960
4862, 2622.97, 870.969, 284.278, 2960
4863, 2625.86, 870.969, 284.358, 2962.24
4864, 2625.86, 870.969, 284.358, 2962.24
4865, 2626.58, 870.969, 284.377, 2962.24
4866, 2626.58, 870.969, 284.377, 2962.24
4867, 2627.52, 870.969, 284.377, 2962.24
4868, 2627.52, 871.969, 284.377, 2962.24
4869, 2628.04, 871.969, 284.396, 2963.66
4870, 2628.04, 871.969, 284.396, 2963.66
4871, 2629.66, 871.969, 284.417, 2965.26
4872, 2629.66, 871.969, 284.417, 2965.26
4873, 2630.27, 871.969, 284.417, 2965.26
4874, 2630.27, 872.97, 284.417, 2965.26
4875, 2631.49, 872.97, 284.436, 2966.63
4876, 2631.49, 872.97, 284.436, 2966.63
4877, 2633.02, 872.97, 284.484, 2967.66
4878, 2633.02, 872.97, 284.484, 2967.66
4879, 2634.31, 872.97, 284.484, 2967.66
4880, 2634.31, 873.973, 284.484, 2967.66
4881, 2634.85, 873.973, 284.54, 2968.4
4882, 2634.85, 873.973, 284.54, 2968.4
4883, 2635.66, 873.973, 284.54, 2968.4
4884, 2635.66, 873.973, 284.54, 2968.4
4885, 2636.37, 873.973, 284.54, 2968.4
4886, 2636.37, 874.972, 284.54, 2968.4
4887, 2636.77, 874.972, 284.54, 2968.4
4888, 2636.77, 874.972, 284.54, 2968.4
4889, 2637.84, 874.972, 284.54, 2968.4
4890, 2637.84, 874.972, 284.54, 2968.4
4891, 2638.39, 874.972, 284.54, 2968.4
4892, 2638.39, 875.969, 284.54, 2968.4
4893, 2638.39, 875.969, 284.54, 2968.4
4894, 2639.45, 875.969, 284.559, 2971.02
4895, 2639.45, 875.969, 284.559, 2971.02
4896, 2640.4, 875.969, 284.593, 2977.63
4897, 2640.4, 876.972, 284.593, 2977.63
4898, 2640.4, 876.972, 284.593, 2977.63
4899, 2641.01, 876.972, 284.593, 2977.63
4900, 2641.01, 876.972, 284.593, 2977.63
4901, 2641.88, 876.972, 284.646, 2979.09
4902, 2641.88, 877.969, 284.646, 2979.09
4903, 2642.42, 877.969, 286.376, 2981.54
4904, 2642.42, 877.969, 286.376, 2981.54
4905, 2643.29, 877.969, 286.414, 2983.9
4906, 2643.29, 877.969, 286.414, 2983.9
4907, 2644.06, 877.969, 286.451, 2984.78
4908, 2644.06, 878.975, 286.451, 2984.78
4909, 2644.06, 878.975, 286.451, 2984.78
4910, 2644.85, 878.975, 286.492, 2985.76
